1.851881440393149347e+01
1.695716842954838910e+01
1.623608512249806068e+01
1.768764648445223386e+01
1.618959821560709500e+01
1.253223932767440019e+01
1.845843128777188369e+01
1.167629105736818929e+01
9.687516292110990079e+00
4.747575476433790520e+00
4.946673769108305585e+00
5.509591504025968867e+00
6.452435372491785337e+00
1.119083887905913244e+01
1.700111638472409226e+01
1.713843987620242260e+01
1.932325758789778547e+01
2.012797211319314528e+01
1.933161260757245259e+01
1.854643360245946937e+01
1.767906680553561571e+01
1.758986260543794700e+01
1.794383892554110460e+01
1.864480433069342169e+01
1.977450885885928145e+01
1.838404688680744314e+01
1.978017549229916483e+01
2.084409172584174286e+01
2.154652457148242917e+01
2.188309648326413992e+01
2.047463172466783377e+01
1.742144324144825163e+01
1.563619960777595708e+01
1.655215675922934793e+01
1.964316924676974807e+01
2.290686330186902708e+01
2.311200111579085004e+01
2.236487652894089351e+01
2.226707952726705386e+01
2.238254602915358404e+01
2.171327947815087356e+01
2.153697462051806966e+01
1.759461932271969431e+01
1.764817291190665216e+01
1.866477779612803900e+01
1.969142309156789850e+01
2.040576136376381911e+01
2.037896013691694819e+01
2.039093250786756428e+01
1.988968200033214018e+01
1.933464688241779328e+01
1.919106917976529303e+01
1.921249640860016328e+01
1.801821749954090279e+01
1.696433230557341787e+01
1.609953442896329889e+01
1.607216658244000485e+01
1.568024848853768205e+01
1.607938485063872847e+01
1.583719787639000209e+01
1.286930526654567686e+01
1.247716930052129136e+01
1.394905756869501445e+01
1.318897413990870859e+01
1.356900919424805352e+01
1.303035029139590506e+01
1.519763955477486661e+01
1.760516575760960123e+01
1.969165029737190054e+01
2.065362568862007464e+01
2.067816739278221405e+01
1.965098158914734583e+01
1.892033036970567039e+01
1.826937129221765588e+01
1.798538140910041960e+01
1.832376784025454697e+01
1.706118957213317344e+01
1.623845927630399899e+01
1.650332089054080953e+01
1.727457095038888113e+01
1.788744442395580236e+01
1.849305740565210954e+01
1.905552228506559942e+01
1.983524533029635606e+01
2.123695297304742269e+01
2.283696358226179157e+01
2.248045400454917697e+01
2.028583317548247678e+01
1.890106675924232604e+01
1.809203860771057393e+01
1.769307256131245865e+01
1.729540472579207488e+01
1.689137434083611566e+01
1.774289775085007648e+01
1.821915006390715774e+01
1.835875853512190403e+01
1.807736039927583249e+01
1.813021892281568981e+01
1.799751425296425467e+01
1.802429245044528372e+01
2.421649346034060812e+01
2.308111252698454052e+01
2.444501366028934797e+01
2.935624247758155647e+01
3.557260073357632280e+01
3.801873442692414784e+01
3.832743120592687092e+01
3.762067650142231656e+01
3.577581325569931181e+01
3.253517964698685461e+01
2.766813222712479714e+01
2.330329663294243403e+01
2.132557440437097895e+01
2.160338974105860288e+01
2.245470146898408004e+01
2.270925314826625652e+01
2.228632028490213557e+01
2.119011817942612907e+01
1.916004815419730534e+01
1.723618869303807699e+01
1.658961070898364554e+01
1.721203090394423540e+01
1.868217583662507053e+01
2.162351278889032002e+01
2.288386901459491440e+01
2.202375547681167234e+01
2.284627919725027567e+01
2.499755281540521779e+01
2.743708191116699169e+01
2.921213961069127052e+01
2.950556861567158506e+01
2.937145913868816294e+01
3.043848373946616448e+01
3.155661850596341012e+01
3.123565437704101555e+01
2.877040867851861350e+01
2.476212323668281101e+01
2.214625899962013023e+01
2.126505309811697231e+01
2.070058389611093119e+01
2.172026607431506662e+01
2.443121914598683020e+01
1.856712735881331966e+01
1.939081791609589445e+01
2.093615958430651247e+01
2.226797674178706643e+01
2.274068770421102315e+01
2.198576666032882798e+01
2.099208386311883245e+01
2.027382032080410923e+01
1.949879014678878875e+01
1.829947174581470293e+01
1.711723122238581851e+01
1.594035727774785371e+01
1.502916390485946252e+01
1.518650456241439173e+01
1.652210812837646614e+01
1.795262324547660171e+01
1.878064345271886637e+01
1.930732163674089463e+01
2.004849364191202099e+01
2.093861968671421181e+01
2.141711813749233784e+01
2.033096174488645502e+01
1.860991134750799958e+01
1.933652827434563193e+01
2.020299925206937175e+01
2.148148749567283744e+01
2.155761573030511258e+01
2.068196654185360472e+01
1.942108055406921352e+01
1.810450901250909439e+01
1.714307867659724494e+01
1.683890081419587759e+01
1.618029497410169526e+01
1.487630159688905351e+01
1.436067360191482933e+01
1.496522622324916441e+01
1.597691348369641418e+01
1.773376080505978791e+01
1.981485424960359154e+01
2.157750234859812011e+01
2.402067599178216639e+01
2.725274820095321004e+01
2.633047872694899283e+01
2.267190425352072580e+01
2.007756947534222647e+01
1.837298571581266060e+01
1.768325914386018383e+01
1.726995694878657517e+01
1.695041570368319483e+01
1.735759354866382154e+01
1.846046703160444125e+01
1.912654285322679826e+01
1.931823794079771517e+01
1.953914535743803782e+01
1.938570777858663519e+01
1.862727302517866335e+01
1.831701984864649901e+01
1.701947229095753755e+01
1.759693936348435273e+01
2.628502216612295328e+01
3.047704472985282820e+01
3.280039210332980559e+01
3.403654775360423912e+01
3.363138153428774757e+01
3.134001546398802063e+01
2.785856593208465171e+01
2.342690984485963313e+01
1.925020514747390621e+01
1.730896112729850245e+01
1.743858764817108664e+01
1.851644375085097849e+01
1.976818669133729500e+01
2.036128174512118250e+01
2.005999013350220750e+01
1.873760619970618890e+01
1.697651083438250552e+01
1.580499617513272348e+01
1.603219005335227365e+01
1.717467366864658729e+01
1.811331083851932178e+01
1.769800259305857892e+01
1.840535595698464633e+01
2.009522034776812660e+01
2.226348536659380883e+01
2.422627256714237731e+01
2.535954902484011697e+01
2.596735829669123063e+01
2.657522095980603893e+01
2.646057011454256269e+01
2.510864259191814440e+01
2.259899830693969847e+01
1.881759363998530432e+01
1.629041381736383087e+01
1.560193319897394382e+01
1.587438882249327676e+01
1.761458953452472542e+01
2.048659423377645084e+01
2.143026032440209860e+01
1.804979835016142786e+01
1.749497488705874915e+01
1.619468240871120912e+01
1.739921217211663063e+01
1.755257569381127070e+01
1.850570678207955666e+01
1.973182756493704204e+01
2.026443493068127921e+01
1.956393911936981667e+01
1.832943256945960897e+01
1.739040074377373912e+01
1.570736407994151129e+01
1.459025466282742656e+01
1.390389131012403467e+01
1.393484811910264121e+01
1.490797423774766628e+01
1.680416424909346773e+01
1.905559934415001422e+01
1.995913031830806617e+01
2.076681645801577503e+01
2.251679444868041102e+01
2.263290996705667268e+01
2.095191979833889562e+01
1.907094536910775773e+01
1.766693205545351120e+01
1.734044161547554808e+01
1.719803036455720502e+01
1.688398054858605590e+01
1.698994898504648532e+01
1.745175604004280601e+01
1.757717553699851010e+01
1.776072430654683387e+01
1.832402544560275715e+01
1.835141188743764928e+01
1.781169478273380236e+01
1.793982079929575946e+01
1.871644414918911892e+01
1.986949486762873818e+01
2.109168109242475708e+01
2.220094132009318599e+01
2.205139810161525205e+01
2.054819735380623769e+01
1.950752406212826173e+01
1.873229425440030482e+01
1.793358616245294712e+01
1.732781490554331683e+01
1.666986862606897546e+01
1.591981301870165844e+01
1.516125403581501452e+01
1.511825879185205146e+01
1.625538153927595175e+01
1.793054521037183235e+01
1.917036792575986581e+01
2.003768119691715910e+01
2.121008830581849125e+01
2.199065510268228962e+01
2.191518182077840038e+01
2.122819882732299135e+01
2.006496166258586911e+01
1.822036891677167958e+01
1.626358644220366756e+01
1.465798940309116816e+01
1.531037559317757690e+01
1.652618015105024440e+01
1.670704919192342075e+01
1.621213378961383356e+01
1.569537757738382844e+01
1.536952955467869408e+01
1.539610314260066382e+01
1.615248020102918147e+01
1.768024132511320090e+01
1.965768146249418535e+01
2.167023701589923590e+01
2.316573442232911972e+01
2.370104977313444294e+01
2.355531265827205090e+01
2.292268616602293463e+01
2.160027889850269034e+01
1.973110274093517091e+01
1.706832176753198382e+01
1.508072073780827971e+01
1.592070576718784380e+01
1.778695041756901318e+01
2.030630110681046219e+01
2.092870740112561023e+01
2.286247609987912455e+01
2.457696149891423687e+01
2.551111556616137577e+01
2.663057863731696173e+01
2.708904633792954186e+01
2.600586160652574463e+01
2.368127092779364773e+01
2.059012935344138029e+01
1.729233827592480921e+01
1.532071074089888540e+01
1.504433781080722099e+01
1.608849458706450974e+01
1.780409272650200592e+01
1.897775641971018601e+01
1.910159058458947356e+01
1.831764981624185751e+01
1.693564533719997200e+01
1.565014115310966680e+01
1.559333428876031036e+01
1.683814963626665673e+01
1.761719134384391694e+01
1.719712613972199122e+01
1.609037014153738099e+01
1.501912753654493926e+01
1.946762636324643481e+01
1.643593167618289641e+01
1.493838911259156532e+01
1.600302092542162669e+01
1.596588629724920771e+01
1.780496349598574568e+01
1.918140598559696031e+01
1.924949324156909469e+01
1.839100888294226976e+01
1.740439536685221711e+01
1.639751804500977528e+01
1.542262564241224254e+01
1.620019876407147663e+01
1.630517766559790260e+01
1.576977710876932726e+01
1.512585169192762891e+01
1.469147520296441911e+01
1.478796317845453778e+01
1.553496323627530806e+01
1.746305787570433310e+01
1.922552640329062612e+01
1.844871056769557427e+01
1.817033456276187664e+01
1.961623348588837956e+01
2.054365862230447348e+01
1.994111244905201374e+01
1.842253596393305415e+01
1.739050578744684117e+01
1.738298571075662835e+01
1.726548321578594880e+01
1.676177807681935050e+01
1.667396611597054346e+01
1.689412767050728448e+01
1.676939895932146030e+01
1.686614610138249404e+01
1.762988904186942207e+01
1.763507182714604582e+01
1.702983959243396583e+01
1.725782705061787681e+01
1.843016930521900321e+01
2.055152697267844175e+01
2.235802808805919284e+01
2.288675387731989375e+01
2.170236969260191984e+01
1.970304405626215782e+01
1.847384759883642857e+01
1.773321338875846820e+01
1.720660185773208539e+01
1.697424899412131083e+01
1.667605492453275318e+01
1.603386828743770920e+01
1.511000029146793189e+01
1.458249551316831294e+01
1.501631860376806493e+01
1.851023051859562685e+01
1.952394853473932557e+01
2.083987331700346601e+01
2.165854363648616498e+01
2.139972729112213301e+01
2.107465842540796785e+01
2.048419359166366505e+01
1.893952714612154509e+01
1.687955557696257003e+01
1.530989050522573791e+01
1.392330904717939966e+01
1.328086156060336087e+01
1.391383122047580301e+01
1.566901186458840378e+01
1.769603919921119584e+01
1.833766944709243774e+01
1.777590012819196730e+01
1.691905155896198920e+01
1.559688652873108694e+01
1.456145755483786530e+01
1.357962549364789062e+01
1.280818357179879285e+01
1.228964788727741997e+01
1.267615858984949462e+01
1.420305721871827132e+01
1.613626707922433923e+01
1.695974368161476065e+01
1.654189636296408494e+01
1.705495111297249622e+01
1.539415182028056783e+01
1.452574843397055915e+01
1.448174694106513627e+01
1.483522038464336212e+01
1.560927209298418283e+01
1.696025776071175883e+01
1.892592846784689087e+01
2.097295387684467372e+01
2.225366498057326581e+01
2.245501525692779055e+01
2.210316110612264495e+01
2.152807613426667288e+01
2.055939224836976464e+01
1.957326570296548240e+01
1.841323150150899579e+01
1.753799050764312639e+01
1.733401659366900915e+01
1.601987039978401128e+01
1.560776322006573480e+01
1.618413747701861283e+01
1.722500385342898710e+01
1.882438751333428684e+01
2.032321544468509700e+01
2.040659416423845229e+01
1.830735812632203974e+01
1.626612773772657761e+01
1.527512776445728981e+01
1.489539887964549791e+01
1.573743478223181391e+01
1.787569531774805398e+01
1.997239501743332823e+01
2.086233831427626839e+01
2.135613972724145881e+01
2.192874501820378796e+01
2.281546633440118299e+01
2.320520759054915061e+01
2.175850709809233052e+01
1.902197830146846158e+01
1.643433519773143914e+01
1.457449925016613257e+01
1.519990952580544175e+01
1.669099560841198837e+01
1.781384030690759701e+01
1.801840422100878314e+01
1.749768254230694353e+01
1.655283261905357506e+01
1.573844268019463755e+01
1.581571639563940757e+01
1.686160782376803269e+01
1.755330219640616463e+01
1.758811242464828339e+01
1.727867271628725376e+01
1.641161489743407031e+01
1.540798597958232108e+01
1.455595796914768236e+01
1.413446410999439706e+01
1.359320373913484303e+01
1.459330196842182836e+01
1.392156598626677422e+01
1.461591904762197913e+01
1.554021385482763762e+01
1.608449191321908600e+01
1.636526975356476044e+01
1.668222331099130074e+01
1.682428640684659271e+01
1.709141272414631985e+01
1.765940230176624581e+01
1.923629915678047553e+01
1.998156741982575468e+01
1.751415148701771685e+01
1.629914060935434605e+01
1.772439667372191963e+01
1.938181079373380911e+01
1.937123631699047621e+01
1.800555665423710749e+01
1.716972926898919383e+01
1.711017394877762143e+01
1.671076923124793723e+01
1.625571797747276293e+01
1.629818240584241096e+01
1.654549787300473795e+01
1.634453221788043464e+01
1.631198921800515933e+01
1.694885988902166218e+01
1.710819310098084856e+01
1.730846700339242261e+01
1.864806264505313038e+01
2.111647540995264549e+01
2.292829054339018668e+01
2.287755664601431249e+01
2.135566333836974096e+01
1.954402871100497308e+01
1.856152394296895025e+01
1.822848974144118728e+01
1.809318088611620112e+01
1.777775350343846839e+01
1.717191221266842049e+01
1.628909128194020539e+01
1.515767478873991614e+01
1.421115403923214693e+01
1.413492114946911471e+01
1.439950139252979255e+01
1.452333613076948282e+01
1.513879254548069930e+01
1.618925294964119743e+01
1.740749379905895466e+01
1.856828635365679503e+01
2.010908866292388808e+01
2.092728293281747298e+01
2.057937867562713308e+01
2.034928649087406427e+01
1.688786799968927355e+01
1.663771479967314804e+01
1.463952880713472560e+01
1.401634441401469289e+01
1.397541848661429320e+01
1.369732525429288472e+01
1.422578886312615332e+01
1.532810959734072398e+01
1.634947390698845027e+01
1.741859529181749622e+01
1.833369708160400435e+01
1.888799370098546504e+01
1.920006433127270640e+01
1.939665130049490571e+01
2.023410680878010126e+01
2.005872546448628668e+01
1.690420568804524493e+01
1.492081698121937627e+01
1.580856784785459546e+01
1.816354251980191847e+01
1.887613921687453100e+01
1.734451964360237852e+01
1.652741136999390292e+01
1.631350662080142300e+01
1.590159861572866618e+01
1.567938968119372412e+01
1.590090743759605019e+01
1.636170658464229177e+01
1.647393904203766368e+01
1.649711428298604687e+01
1.676297653344042615e+01
1.671924609879026846e+01
1.620440347601707387e+01
1.581497370044314899e+01
1.649315284359538225e+01
1.721510735204525133e+01
1.807421116294382912e+01
1.945364959888423684e+01
2.163316259234781569e+01
2.294663310130123790e+01
2.272113310548128595e+01
2.152832271826344623e+01
2.017486378300906935e+01
1.956334748240589860e+01
1.965173115040514773e+01
1.975000901773094597e+01
1.901799752932509335e+01
1.770260426209168614e+01
1.639542793158826584e+01
1.517065363642605647e+01
1.420073406625450652e+01
1.397978636346609704e+01
1.419957414371880589e+01
1.444461610948905417e+01
1.468929062639091043e+01
1.509569407362448779e+01
1.561366155133715239e+01
1.626336349872390485e+01
1.721586147426685542e+01
1.859360337850239375e+01
1.908394647527907750e+01
1.859680657473320764e+01
1.862900858528874437e+01
1.420628746550257304e+01
1.436561911019912152e+01
1.486747258363980961e+01
1.556020320312332572e+01
1.678062871576810977e+01
1.867877041730370280e+01
2.068040940988105447e+01
2.204100464897073053e+01
2.251321587141407576e+01
2.223175132349917149e+01
2.144668581756178583e+01
2.070679024082158648e+01
2.035050782869623376e+01
1.976482086751240175e+01
1.886673396788435753e+01
1.876890886674208403e+01
1.923758808605836634e+01
1.734894429725800435e+01
1.613258151802303075e+01
1.577061408868056169e+01
1.629069071449711004e+01
1.763920800928206489e+01
1.877741953399574726e+01
1.894469593287962539e+01
1.823917799216628310e+01
1.681072537354149787e+01
1.536545000725794985e+01
1.453427423290668763e+01
1.420531370252398240e+01
1.498915250298242796e+01
1.675495187921460172e+01
1.848021509703070109e+01
1.933082396190028263e+01
1.931248524919039866e+01
1.910954834357125520e+01
1.989920335982512967e+01
2.117979552318056591e+01
2.066164955185327656e+01
1.814442821817343798e+01
1.601100494576948208e+01
1.471217817912881998e+01
1.382709991961105622e+01
1.368184022097375951e+01
1.375724835194804818e+01
1.429074448494209904e+01
1.525223585933878923e+01
1.635042695330174567e+01
1.711533722210888797e+01
1.718349635895215499e+01
1.675911773044335007e+01
1.618226521640915294e+01
1.566375401373424125e+01
1.557031727956170641e+01
1.593725879603821127e+01
1.614275320358173360e+01
1.650725701840582360e+01
1.714069658206915037e+01
1.693475580648690482e+01
1.612699338696673834e+01
1.585403705284152487e+01
1.540745696306079005e+01
1.478042397553273979e+01
1.611230392360651464e+01
1.766857975075361864e+01
1.907934229085416078e+01
1.970181150697913708e+01
1.981702752245101351e+01
1.942065383861076810e+01
1.950507390422799858e+01
1.943633233662676929e+01
1.692361721175860367e+01
1.448896218527882063e+01
1.732925155077598234e+01
1.833679231412008548e+01
1.689864712510697942e+01
1.613047292891957341e+01
1.584749956636023249e+01
1.551218237637894859e+01
1.528844394033893117e+01
1.553233109432052572e+01
1.603582399925314661e+01
1.629998857483992936e+01
1.623584495850844789e+01
1.616390236751037790e+01
1.597656268612144537e+01
1.568244794690134292e+01
1.559053839797191543e+01
1.592082278428961573e+01
1.591876247232423047e+01
1.655468705735444246e+01
1.750287907415458122e+01
1.856177226079784859e+01
1.980083151074376957e+01
2.139454908943696765e+01
2.235778581837642776e+01
2.230576597226821534e+01
2.190874531514795009e+01
2.130007980747645036e+01
2.085171569094481470e+01
2.101927314236156263e+01
2.008247581023837824e+01
1.815304165499208366e+01
1.638277486438740027e+01
1.511388650008017009e+01
1.438733900700515811e+01
1.482188333232060806e+01
1.393675190290690225e+01
1.469999354557691795e+01
1.485227428584849285e+01
1.469108444219346055e+01
1.523084686335980820e+01
1.593100913546763486e+01
1.587463322067372040e+01
1.437702160208787561e+01
1.454915225359998843e+01
1.491764051488415710e+01
1.531605115685236562e+01
1.641553995177478953e+01
1.833401195971121922e+01
2.040243816008880984e+01
2.227441936961767865e+01
2.397724281892695330e+01
2.407415293077227858e+01
2.261843871902717851e+01
2.164732411119262778e+01
2.133619137143810107e+01
2.096628186723441445e+01
2.082275912584460542e+01
2.039160031105802418e+01
1.919263228218591877e+01
1.743791150939287249e+01
1.631120887710793355e+01
1.584587548616777752e+01
1.627158948741649169e+01
1.747048182139999994e+01
1.795010713844072470e+01
1.746699490103971542e+01
1.671470999206021801e+01
1.573211178799883569e+01
1.471861679424429425e+01
1.402983265362149723e+01
1.388151708132200923e+01
1.459583422042146594e+01
1.600857457243739645e+01
1.755747726724234425e+01
1.834374764684791614e+01
1.793088881923712208e+01
1.720885953766828180e+01
1.762626167769364827e+01
1.895823231749636761e+01
1.954266649565989766e+01
1.816336249327605401e+01
1.633194216456741898e+01
1.548381022260957529e+01
1.488391843487213961e+01
1.423263980493729619e+01
1.403183275900718741e+01
1.399521361926188590e+01
1.431157133124430025e+01
1.478931453882896996e+01
1.536886877867604007e+01
1.593311549348990752e+01
1.608353668433727535e+01
1.583600603155349873e+01
1.562300058031969030e+01
1.543940174663155851e+01
1.488887695419641943e+01
1.441474355736975532e+01
1.439083885197402601e+01
1.467882569887389899e+01
1.549469101090705614e+01
1.653425431978186211e+01
1.687830746774678303e+01
1.635629226563400351e+01
1.603706908697328259e+01
1.557068287509936688e+01
1.669792420775497988e+01
1.557020235650693429e+01
1.459367919872095953e+01
1.388590848747240791e+01
1.392306944072931074e+01
1.296620015503976653e+01
1.223347323410068910e+01
1.183302947425342211e+01
1.224627256208372295e+01
1.377923470979926712e+01
1.534300921898727843e+01
1.608442258112323842e+01
1.557169963216901998e+01
1.495239832632762500e+01
1.483314374972009730e+01
1.502812525003161959e+01
1.452813172072778336e+01
1.424463713397049602e+01
1.485732313683310757e+01
1.485726953912860893e+01
1.492450462418240065e+01
1.514902975658075057e+01
1.612381532733716227e+01
1.799298663180261215e+01
1.996281416310608492e+01
2.212924813986703043e+01
2.510544286650429413e+01
2.641974144073476438e+01
2.466604279939334177e+01
2.294845950494291387e+01
2.223483198526303184e+01
2.181960066155046007e+01
2.004274748252901972e+01
1.909227118897506159e+01
1.831578097847468456e+01
1.744770732379062395e+01
1.682708847577717037e+01
1.655683454759584095e+01
1.682063955907520736e+01
1.750731130460036056e+01
1.758126899125386089e+01
1.700394130839811879e+01
1.638266638632124383e+01
1.441141954302813311e+01
1.400068459037983892e+01
1.393286998060893112e+01
1.456068588992076585e+01
1.575049891322925610e+01
1.732790378052481728e+01
1.806221135356060614e+01
1.716338443168724126e+01
1.591716962164620597e+01
1.734222070008558347e+01
1.867445925295587728e+01
1.857527061004299895e+01
1.722032655687115721e+01
1.648068896752270973e+01
1.613617435116109888e+01
1.536051723003872027e+01
1.469636479978087351e+01
1.483581224216740857e+01
1.596817597301037317e+01
1.513078618336116676e+01
1.579892388589880348e+01
2.185842005579734248e+01
2.299743325721956211e+01
1.632859921853497553e+01
1.681431060558291790e+01
1.733571594145476169e+01
1.680587050869340615e+01
1.583938208938993775e+01
1.489444311120727527e+01
1.397428982644640350e+01
1.397221190951555592e+01
1.708091932560081005e+01
1.931048417811381057e+01
1.996407818406220613e+01
1.996751967851057685e+01
1.971301770977017398e+01
1.963097569575286627e+01
1.938865440707475329e+01
1.745921794127502125e+01
1.502418533807791512e+01
1.426982655334720462e+01
1.498922932218115989e+01
1.452825340754460903e+01
1.538025850211135825e+01
1.737434938108606275e+01
1.793248976563315011e+01
1.684614387880835551e+01
1.626862014940869017e+01
1.586235101474357201e+01
1.542974957483044385e+01
1.525556352373519964e+01
1.550352668764341324e+01
1.572442664474739793e+01
1.559169974209851262e+01
1.536588519991951074e+01
1.532611284265239071e+01
1.548308514528519275e+01
1.569063895637453143e+01
1.595938401602342438e+01
1.651964419882911272e+01
1.664841066877858111e+01
1.637354245304933187e+01
1.674928165541348690e+01
1.744988979499273185e+01
1.826002699325134415e+01
1.918202772760342611e+01
2.049784416718829405e+01
2.123441115829683667e+01
1.365982667941622886e+01
1.594447492930998145e+01
1.577989042376455231e+01
1.520737530810426108e+01
1.447827076884899533e+01
1.453319172251397262e+01
1.473307390192945476e+01
1.514771145522907148e+01
1.548601299255736308e+01
1.524230125406262815e+01
1.420328398448883789e+01
1.380282524877205752e+01
1.423955333858897099e+01
1.428726164611032523e+01
2.118221439231280456e+01
2.138957585618919310e+01
2.171167898548341668e+01
2.183559610964285724e+01
2.219258991012017646e+01
2.385595006243080007e+01
2.660975057324715465e+01
2.573941036613949862e+01
2.385022590464593861e+01
2.177114307073249577e+01
1.963281991272954485e+01
1.738148812652780961e+01
1.563938156432463700e+01
1.408371361922522524e+01
1.326564658612954162e+01
1.612351548169480608e+01
1.573709630785136682e+01
1.478201728618388877e+01
1.486861409845543314e+01
1.621784140785699435e+01
1.613340418924514452e+01
1.667113656558049684e+01
1.680367948980516957e+01
1.524247548582482636e+01
1.620188918381277432e+01
1.241686064910276599e+01
1.210646349009437373e+01
1.273873600478196977e+01
1.411901866014649087e+01
1.555830457474336725e+01
1.566818690090799038e+01
1.652526912645540591e+01
1.660869161087394374e+01
1.766484620839961650e+01
1.776503154555115316e+01
1.675802430099619400e+01
1.600386415688481279e+01
1.553918567801604489e+01
1.540956865068619486e+01
1.564675970161003882e+01
1.584659719786777465e+01
1.585442876888883390e+01
1.558083486163929976e+01
1.522103748095364040e+01
1.650019292017368144e+01
1.685079040052219668e+01
1.694244724611202813e+01
1.752801273024252637e+01
1.810121503515754426e+01
1.931165407476954243e+01
1.993608280987619708e+01
1.977046053594049724e+01
1.996830382873169896e+01
1.983353605082154658e+01
1.892390585792320934e+01
1.742395321202303293e+01
1.587814465837343825e+01
1.528784272124039312e+01
1.733406396808444683e+01
1.682143323550816305e+01
1.815922143207187744e+01
1.868370481237933234e+01
1.789322547169016531e+01
1.722333940934620244e+01
1.710014400887011377e+01
1.662799812099136432e+01
1.635730547125547574e+01
1.720608777793279032e+01
2.574648701956760632e+01
2.399062125160759962e+01
2.155581312302750518e+01
1.866502269703648764e+01
1.732595630843253076e+01
1.726906081185977726e+01
1.744101869603014876e+01
1.742342864276690051e+01
1.694545411069005070e+01
1.642987417851185938e+01
1.611582405854260003e+01
1.588457930484877068e+01
1.578521006307025765e+01
1.539199609212943898e+01
1.510720081558317673e+01
1.474774468419913376e+01
1.461226342664740763e+01
1.518008510431492297e+01
2.151351907560339072e+01
2.214576390022662622e+01
2.302847504812182322e+01
2.386913146308674882e+01
2.635854852583315733e+01
1.580593673694000856e+01
1.494600919295880637e+01
1.483312771417291565e+01
2.762384036958859923e+01
2.738378329119468546e+01
1.626139971428504793e+01
1.528524813120085390e+01
1.709284208480834621e+01
1.624023325395159389e+01
1.769620556283413038e+01
1.767610426345290264e+01
1.947325440840058874e+01
1.530387197018093737e+01
1.539960666273309542e+01
1.554246054548890577e+01
1.466975564842423196e+01
1.327466613746127599e+01
2.193050441428277963e+01
2.538332524259785217e+01
2.520297265165828193e+01
1.583121386978011103e+01
1.804689993169714768e+01
1.847315961477660551e+01
1.773101140972746137e+01
1.689031508230189260e+01
1.653754685608235775e+01
1.629751218938133661e+01
1.573653089754071210e+01
1.833839902316207215e+01
1.874438734202770362e+01
1.893957472537372411e+01
1.813193161709428836e+01
1.696475851530323453e+01
1.904712695517762455e+01
1.761509005824478891e+01
1.702862630331245342e+01
2.047449370238552646e+01
2.053786959563953829e+01
2.089411897215985547e+01
1.703454983548716939e+01
1.584963717400267313e+01
1.586291565912345192e+01
2.003293812739967805e+01
2.066358136609482088e+01
1.538145340339516309e+01
1.509022431640748607e+01
1.572056160435142580e+01
1.610439627108832639e+01
1.637359568160112744e+01
1.582005677891002726e+01
1.726689019379287160e+01
1.733699797349354910e+01
1.603201830243858694e+01
1.570740660039485093e+01
1.530433883745144463e+01
1.583919986528944612e+01
2.204950121571782518e+01
1.903440586983743898e+01
1.811574799931491242e+01
1.601947315515166892e+01
1.720784316842377848e+01
1.714580542710673328e+01
1.755381221356099175e+01
1.757003084993998954e+01
1.624309036446664933e+01
1.660944931810148972e+01
