6.035012111615835062e-01
6.035012111615835062e-01
6.035012111615835062e-01
6.035012111615835062e-01
6.035012111615835062e-01
5.607544622504007092e-01
1.891082948008901074e-02
1.100294395531146129e-02
6.035012111615835062e-01
6.035012111615835062e-01
4.782130997403472028e-01
9.250380597907449653e-02
1.058071971867466929e-05
2.109757692723842292e-05
1.538164034924254095e-03
9.624212901129242451e-03
2.927679814533943811e-02
3.425367757056885926e-02
6.038371667769106693e-02
6.035012111615835062e-01
6.035012111615835062e-01
1.484497115570548864e-01
2.674901327041440818e-02
5.643706899029446444e-02
2.612245271177602093e-02
1.899292598202772381e-02
6.035012111615835062e-01
6.035012111615835062e-01
1.071442842084059932e-01
7.461436763059009318e-03
2.739934261402978116e-03
7.147190716247170394e-03
6.035012111615835062e-01
6.035012111615835062e-01
6.035012111615835062e-01
6.035012111615835062e-01
6.035012111615835062e-01
6.035012111615835062e-01
6.035012111615835062e-01
6.035012111615835062e-01
6.035012111615835062e-01
6.035012111615835062e-01
1.250524684203891063e-03
1.884905328106525110e-03
4.420156213595739791e-02
4.801713390937888959e-01
6.035012111615835062e-01
6.035012111615835062e-01
6.035012111615835062e-01
6.035012111615835062e-01
6.035012111615835062e-01
6.035012111615835062e-01
3.225393119205240966e-01
4.914219057144975089e-02
5.129182151668876602e-03
1.629556458378331055e-03
2.850685748074115178e-03
6.035012111615835062e-01
6.035012111615835062e-01
4.122745674248994019e-03
7.180572442218556290e-05
4.862605537374828921e-05
1.182018626679432480e-03
6.035012111615835062e-01
6.035012111615835062e-01
3.643698968559995130e-03
1.125320389178666039e-03
7.335473193551660283e-03
4.632671379492919045e-02
1.465488761875891055e-01
6.035012111615835062e-01
6.035012111615835062e-01
6.035012111615835062e-01
6.035012111615835062e-01
6.035012111615835062e-01
6.035012111615835062e-01
6.035012111615835062e-01
6.035012111615835062e-01
6.035012111615835062e-01
6.035012111615835062e-01
6.035012111615835062e-01
6.035012111615835062e-01
6.035012111615835062e-01
6.035012111615835062e-01
6.035012111615835062e-01
6.035012111615835062e-01
6.035012111615835062e-01
1.533324166702007552e-01
3.701137349213987765e-02
4.140946285464641718e-02
3.784260707878418784e-02
2.153927430110503735e-02
3.944801372865251211e-03
1.072313219678698061e-03
9.366884990807584107e-05
8.446548712400837877e-05
8.320660135746499341e-05
1.226018129577541077e-04
1.545144648622963259e-04
1.746785242214863665e-04
6.035012111615835062e-01
6.035012111615835062e-01
6.035012111615835062e-01
6.035012111615835062e-01
6.035012111615835062e-01
6.035012111615835062e-01
6.035012111615835062e-01
6.035012111615835062e-01
6.035012111615835062e-01
6.035012111615835062e-01
5.679608556562637176e-03
2.640556227481543478e-02
1.731733166523814760e-02
3.503371759739940666e-02
7.569989196580942381e-02
7.400461584618522881e-02
4.974147608175546326e-02
2.549170689357728170e-01
6.035012111615835062e-01
6.035012111615835062e-01
6.016617445756915483e-01
5.197643562915352233e-02
2.062411774420086497e-02
4.755311479773288025e-02
2.256018765038776130e-01
6.035012111615835062e-01
6.035012111615835062e-01
6.035012111615835062e-01
6.035012111615835062e-01
2.587629939333173021e-02
6.033376770033687872e-03
4.774304140853574078e-04
6.035012111615835062e-01
6.035012111615835062e-01
6.035012111615835062e-01
6.035012111615835062e-01
6.035012111615835062e-01
6.035012111615835062e-01
6.035012111615835062e-01
6.035012111615835062e-01
6.035012111615835062e-01
6.035012111615835062e-01
1.267211740612074456e-04
8.235930408023171487e-03
9.750990240235186957e-02
4.703817740583237650e-01
6.035012111615835062e-01
6.035012111615835062e-01
6.035012111615835062e-01
6.035012111615835062e-01
6.035012111615835062e-01
6.035012111615835062e-01
1.669708866968636768e-02
7.746506959227623945e-02
3.094008712766673289e-02
4.956253223100408334e-02
3.026656787922096109e-02
1.726351525593653596e-02
1.302861443242908819e-02
4.580408543436285777e-03
1.253063160588040181e-02
1.296294707248284994e-01
6.035012111615835062e-01
6.035012111615835062e-01
3.775207414364580710e-02
3.060163240204892554e-02
1.087534580586945049e-01
3.456894977874390151e-01
6.035012111615835062e-01
6.035012111615835062e-01
6.035012111615835062e-01
6.035012111615835062e-01
6.035012111615835062e-01
6.035012111615835062e-01
6.035012111615835062e-01
6.035012111615835062e-01
6.035012111615835062e-01
6.035012111615835062e-01
6.035012111615835062e-01
6.035012111615835062e-01
6.035012111615835062e-01
6.035012111615835062e-01
6.035012111615835062e-01
6.035012111615835062e-01
6.035012111615835062e-01
6.035012111615835062e-01
6.035012111615835062e-01
1.448410231092005229e-01
1.185469357454310008e-01
3.765239452422627919e-02
2.185137804112049012e-02
3.769589633320208182e-03
5.936115048530149355e-04
4.513127116230684064e-04
4.086820044856159817e-04
5.467636809926163790e-04
1.225856345817395547e-03
1.159391270641513608e-03
1.697037102390201008e-04
7.489107359489904046e-03
2.362708466901403473e-02
6.035012111615835062e-01
6.035012111615835062e-01
6.035012111615835062e-01
6.035012111615835062e-01
6.035012111615835062e-01
6.035012111615835062e-01
5.920228965956183531e-01
2.286017536182295608e-03
9.713228630060391500e-02
9.874665267388441081e-02
1.247760165208827710e-01
1.494670006587223154e-01
1.123477408821955958e-01
1.243223509722850700e-01
6.033762507112415685e-01
6.035012111615835062e-01
6.035012111615835062e-01
6.035012111615835062e-01
1.254939896334789917e-01
4.022542064529228273e-02
8.479574383071984689e-02
6.035012111615835062e-01
6.035012111615835062e-01
6.035012111615835062e-01
6.035012111615835062e-01
6.035012111615835062e-01
6.035012111615835062e-01
1.076632585278634521e-02
6.620659693116839883e-02
6.035012111615835062e-01
6.035012111615835062e-01
6.035012111615835062e-01
6.035012111615835062e-01
6.035012111615835062e-01
5.009245099304546756e-01
5.887816629271757085e-01
6.035012111615835062e-01
6.035012111615835062e-01
6.035012111615835062e-01
3.933337994286037476e-02
6.248562311017714227e-02
1.526388789703616300e-01
7.607981301984888256e-02
2.532916732537054405e-01
4.774108992723740674e-01
6.035012111615835062e-01
6.035012111615835062e-01
6.035012111615835062e-01
6.035012111615835062e-01
6.035012111615835062e-01
6.035012111615835062e-01
6.035012111615835062e-01
6.035012111615835062e-01
6.035012111615835062e-01
6.035012111615835062e-01
6.035012111615835062e-01
6.035012111615835062e-01
6.035012111615835062e-01
6.035012111615835062e-01
6.035012111615835062e-01
6.035012111615835062e-01
6.035012111615835062e-01
6.035012111615835062e-01
6.035012111615835062e-01
1.466746588913861726e-01
7.933794663964795213e-02
7.264878925059777004e-02
5.554445728676479267e-03
7.495167424555418227e-03
1.485481606308601717e-02
2.742972828462693358e-02
4.407720787314850508e-02
1.194636788318299975e-01
1.391843018998653314e-01
1.285116072563913525e-01
8.048552233707714776e-02
7.466541494273143398e-02
1.137184394579856400e-01
3.699438668380491957e-01
6.035012111615835062e-01
6.035012111615835062e-01
6.035012111615835062e-01
6.035012111615835062e-01
6.035012111615835062e-01
4.315981386574846979e-01
6.035012111615835062e-01
3.276220674079735606e-02
2.058460755008464371e-01
1.089494797017891564e-01
2.772293550965025319e-02
7.176612710466562933e-03
2.206099410576446013e-02
5.892698599696635092e-02
2.387463527020673715e-01
6.035012111615835062e-01
6.035012111615835062e-01
6.035012111615835062e-01
1.687185234832958569e-01
1.866445116654928960e-01
2.996196801476473937e-01
6.035012111615835062e-01
5.299336974061465977e-01
6.035012111615835062e-01
6.035012111615835062e-01
6.566905861647201470e-02
5.819712805617519025e-02
1.443997851374457242e-01
6.035012111615835062e-01
6.035012111615835062e-01
6.035012111615835062e-01
6.035012111615835062e-01
6.035012111615835062e-01
6.035012111615835062e-01
6.035012111615835062e-01
3.402416869512260855e-01
4.303761925098512631e-01
5.607226997595203821e-01
5.722430504961686371e-01
4.512566941609021387e-01
2.162978283433122928e-01
3.323194742002884006e-01
6.035012111615835062e-01
6.035012111615835062e-01
5.427790630998641230e-01
6.035012111615835062e-01
6.035012111615835062e-01
6.035012111615835062e-01
6.035012111615835062e-01
3.906656028941200669e-03
3.383085211725823938e-02
5.159781111068725140e-02
6.035012111615835062e-01
2.978451480857051137e-01
4.364860024605591304e-01
3.316547374420351635e-01
2.729971679228562209e-01
2.154393357527299713e-01
2.660313157662833605e-01
6.035012111615835062e-01
6.035012111615835062e-01
6.035012111615835062e-01
1.489350827657121012e-01
1.024453354689989909e-01
7.685320985697577378e-02
1.054212630710974347e-01
9.415039175072571764e-02
6.191924514411893676e-02
5.452854013603641858e-02
6.035012111615835062e-01
6.035012111615835062e-01
2.951617083642482653e-01
3.270233313112189122e-01
6.035012111615835062e-01
6.035012111615835062e-01
6.035012111615835062e-01
6.035012111615835062e-01
6.035012111615835062e-01
6.035012111615835062e-01
6.035012111615835062e-01
6.035012111615835062e-01
6.035012111615835062e-01
6.035012111615835062e-01
6.035012111615835062e-01
6.035012111615835062e-01
6.035012111615835062e-01
6.035012111615835062e-01
6.035012111615835062e-01
6.035012111615835062e-01
6.035012111615835062e-01
6.035012111615835062e-01
5.270940020668158921e-01
1.608432162135848553e-01
2.680310141922000455e-01
2.337057248504229579e-01
6.035012111615835062e-01
6.035012111615835062e-01
6.035012111615835062e-01
6.035012111615835062e-01
2.798261303835576988e-02
1.177272216776853279e-02
3.354051560150162620e-02
2.452185359767663012e-02
1.095741671367313486e-01
2.128609510088649293e-01
2.321886887708068115e-01
2.451240339070412388e-01
2.813589569742090402e-01
2.923445223151939776e-01
2.937767993136840006e-01
3.844060316686377377e-01
5.323997271722578084e-01
6.035012111615835062e-01
6.035012111615835062e-01
6.035012111615835062e-01
6.035012111615835062e-01
5.964515098235372292e-01
6.035012111615835062e-01
3.033751764981849463e-03
6.035012111615835062e-01
7.195844048681816763e-02
1.098674398955133552e-01
2.729862587999977094e-02
2.609029641660270959e-02
6.035012111615835062e-01
6.035012111615835062e-01
6.035012111615835062e-01
6.035012111615835062e-01
6.035012111615835062e-01
2.822651405660972501e-01
3.570986819981474270e-01
6.035012111615835062e-01
6.035012111615835062e-01
6.035012111615835062e-01
6.035012111615835062e-01
6.035012111615835062e-01
6.035012111615835062e-01
6.035012111615835062e-01
6.035012111615835062e-01
6.035012111615835062e-01
6.035012111615835062e-01
6.035012111615835062e-01
6.035012111615835062e-01
6.035012111615835062e-01
6.035012111615835062e-01
6.035012111615835062e-01
6.035012111615835062e-01
6.035012111615835062e-01
6.035012111615835062e-01
6.035012111615835062e-01
6.035012111615835062e-01
3.898282187381334196e-02
6.330131360129763810e-03
7.487657478180512194e-02
2.474996245829464980e-01
6.035012111615835062e-01
6.035012111615835062e-01
6.035012111615835062e-01
6.035012111615835062e-01
6.035012111615835062e-01
6.035012111615835062e-01
6.035012111615835062e-01
6.035012111615835062e-01
5.494250198196778401e-01
5.381801734123262682e-01
4.437046193247062842e-01
3.465251435119326429e-01
2.594969281524054927e-01
1.326144197036545347e-01
1.765999308272927781e-01
1.772117995355049491e-01
2.414126374293492916e-01
1.875132239042766324e-01
8.487613850023746631e-02
2.480599981280687261e-01
2.240780828795736479e-01
6.622499148900909405e-03
6.035012111615835062e-01
6.035012111615835062e-01
6.035012111615835062e-01
6.035012111615835062e-01
6.035012111615835062e-01
6.035012111615835062e-01
6.035012111615835062e-01
6.035012111615835062e-01
9.105153104481282511e-02
5.386077142456371369e-01
4.583563219728404303e-01
6.035012111615835062e-01
6.035012111615835062e-01
6.035012111615835062e-01
5.455452139585585947e-01
3.034046047744596297e-01
2.491655339152395177e-01
2.492007517089447066e-01
2.546459404766789336e-01
2.001982589681251534e-01
7.931172814181747244e-02
5.378582405351088613e-02
6.616043956203100651e-02
1.315131554281090409e-01
1.828837846237958975e-01
1.168426812531288689e-01
2.284238328612255564e-01
4.125765244495428231e-03
2.705290810686997727e-01
1.451651123514787201e-01
4.163917127401917107e-01
4.802523919305622391e-01
6.035012111615835062e-01
6.035012111615835062e-01
6.035012111615835062e-01
6.035012111615835062e-01
6.035012111615835062e-01
6.035012111615835062e-01
6.035012111615835062e-01
6.035012111615835062e-01
6.035012111615835062e-01
6.035012111615835062e-01
6.035012111615835062e-01
6.035012111615835062e-01
6.035012111615835062e-01
4.617154551944614438e-01
1.346588087423540026e-01
5.821398124302576416e-02
1.072547671925282720e-01
2.703761663477068783e-02
6.035012111615835062e-01
6.035012111615835062e-01
6.035012111615835062e-01
6.035012111615835062e-01
6.035012111615835062e-01
1.702323205982289936e-02
1.963843508187925468e-01
1.673363248121192137e-01
1.988631983096856570e-01
2.249878323309651429e-01
2.467726067336676044e-01
3.154991385021497785e-01
4.348810509262622248e-01
5.497328903502828323e-01
6.034325572149411565e-01
6.035012111615835062e-01
6.035012111615835062e-01
6.035012111615835062e-01
5.922870889311470100e-01
6.035012111615835062e-01
1.797295097139326586e-02
6.035012111615835062e-01
4.603537416204075972e-03
1.483862041668417286e-01
6.848385717267969908e-02
3.274049783143959114e-02
1.892469285327843739e-02
1.332798372550672399e-02
6.151023879803400179e-02
5.593972398798495449e-02
6.035012111615835062e-01
6.035012111615835062e-01
6.035012111615835062e-01
6.035012111615835062e-01
6.035012111615835062e-01
6.035012111615835062e-01
2.727328317333306829e-01
7.466694426908480897e-02
6.035012111615835062e-01
6.035012111615835062e-01
6.035012111615835062e-01
6.035012111615835062e-01
6.035012111615835062e-01
6.035012111615835062e-01
6.035012111615835062e-01
6.035012111615835062e-01
6.035012111615835062e-01
6.035012111615835062e-01
6.035012111615835062e-01
6.035012111615835062e-01
6.035012111615835062e-01
6.035012111615835062e-01
6.020645868733692785e-01
5.195545469387367055e-01
2.244065934926792460e-01
9.046820755026466210e-02
3.644839186115796104e-02
1.097810690999044408e-01
9.728559410371593816e-03
6.035012111615835062e-01
6.035012111615835062e-01
6.035012111615835062e-01
6.035012111615835062e-01
6.035012111615835062e-01
6.035012111615835062e-01
6.035012111615835062e-01
6.035012111615835062e-01
6.035012111615835062e-01
6.035012111615835062e-01
6.035012111615835062e-01
6.035012111615835062e-01
3.254760414184105360e-02
1.461721129332506086e-01
2.011931400750628374e-01
3.542647204467181954e-01
6.035012111615835062e-01
6.035012111615835062e-01
6.035012111615835062e-01
6.035012111615835062e-01
6.026625769152198497e-01
6.035012111615835062e-01
2.168986879926770861e-01
6.035012111615835062e-01
2.413572688805101438e-02
1.534409802061325601e-01
2.711917700295896072e-02
4.260539852623810436e-02
2.348102424850189926e-02
6.988269530648627548e-02
1.370126025630780293e-02
6.035012111615835062e-01
6.035012111615835062e-01
6.035012111615835062e-01
6.035012111615835062e-01
6.035012111615835062e-01
6.035012111615835062e-01
6.035012111615835062e-01
6.035012111615835062e-01
6.035012111615835062e-01
2.788208872514333914e-01
5.257794313307825318e-01
6.035012111615835062e-01
6.035012111615835062e-01
6.035012111615835062e-01
6.035012111615835062e-01
5.981762404368996533e-01
5.844335331808772072e-01
6.035012111615835062e-01
6.035012111615835062e-01
6.035012111615835062e-01
4.979110672752581346e-01
4.786866428681246788e-01
2.952897784095220302e-01
1.834906981288142447e-01
3.367926167495045031e-01
2.965909835455478316e-02
1.271066522955330014e-01
1.716070905649729264e-02
4.440082490864453307e-02
3.634636312186441398e-02
2.035115890797193489e-02
8.999831775475176932e-03
1.786679921578640182e-02
1.524643464613570712e-02
1.783255591944408330e-02
4.930398494134563677e-04
6.035012111615835062e-01
6.035012111615835062e-01
6.035012111615835062e-01
6.035012111615835062e-01
6.035012111615835062e-01
6.035012111615835062e-01
6.035012111615835062e-01
6.035012111615835062e-01
5.044515928839458097e-01
5.964172521829378404e-01
5.973028254985855989e-01
5.843433437837207700e-01
4.846969418521301920e-01
3.911953759956164345e-01
2.978412168463966947e-01
2.111953809497606749e-01
3.839715118787613846e-01
4.479170064015651764e-01
3.568594851184760386e-01
2.595626321884241250e-01
2.119532675141274913e-01
2.113479158335053731e-01
2.184052819582389948e-01
1.742664734483488909e-01
1.792494363122281997e-01
2.467809225933348949e-01
4.051294661133946762e-01
2.578934247361353571e-01
3.796613962253758690e-01
6.525137578756606827e-02
6.035012111615835062e-01
4.079017253301545770e-02
6.035012111615835062e-01
1.334300689659312020e-02
6.035012111615835062e-01
6.035012111615835062e-01
6.035012111615835062e-01
6.035012111615835062e-01
6.035012111615835062e-01
6.035012111615835062e-01
6.035012111615835062e-01
6.035012111615835062e-01
6.035012111615835062e-01
6.035012111615835062e-01
2.292948710749382890e-01
1.079768995469945481e-01
8.213716746346290398e-02
2.339003438459929737e-02
1.683703650349025610e-02
1.397358813087117620e-03
6.035012111615835062e-01
6.035012111615835062e-01
6.035012111615835062e-01
6.035012111615835062e-01
6.035012111615835062e-01
6.035012111615835062e-01
6.035012111615835062e-01
6.035012111615835062e-01
6.035012111615835062e-01
6.035012111615835062e-01
6.035012111615835062e-01
6.035012111615835062e-01
6.035012111615835062e-01
6.035012111615835062e-01
6.035012111615835062e-01
6.035012111615835062e-01
6.035012111615835062e-01
6.035012111615835062e-01
6.035012111615835062e-01
6.035012111615835062e-01
6.035012111615835062e-01
6.035012111615835062e-01
6.035012111615835062e-01
1.382528219593369689e-01
1.696961075364733784e-01
5.580318626019249023e-02
4.088392438035890614e-02
1.682026483518081830e-02
3.257990232837985056e-01
5.211285597501434941e-01
3.914649061594130397e-02
6.035012111615835062e-01
6.035012111615835062e-01
6.035012111615835062e-01
6.035012111615835062e-01
6.035012111615835062e-01
6.035012111615835062e-01
6.035012111615835062e-01
6.035012111615835062e-01
6.035012111615835062e-01
6.035012111615835062e-01
5.969094765646582035e-01
4.373464447213140094e-01
5.265023553767813613e-01
5.956545260810224285e-01
6.035012111615835062e-01
6.035012111615835062e-01
6.035012111615835062e-01
6.035012111615835062e-01
6.035012111615835062e-01
6.035012111615835062e-01
6.035012111615835062e-01
6.035012111615835062e-01
2.657592349261018831e-03
3.406249475623188139e-02
2.963538176079907101e-03
6.224790744447688401e-03
3.269480990179154337e-03
3.168374904965852966e-03
2.505231497008125752e-03
6.649486613647423265e-04
6.106343699999720485e-04
2.417239394325984905e-03
1.740596057844341800e-04
6.035012111615835062e-01
6.035012111615835062e-01
6.035012111615835062e-01
6.035012111615835062e-01
6.035012111615835062e-01
6.035012111615835062e-01
6.035012111615835062e-01
6.035012111615835062e-01
6.035012111615835062e-01
6.035012111615835062e-01
3.629264186457347718e-01
2.718094277602795539e-01
2.046259389494034520e-01
1.868039274019308582e-01
1.038857648497379105e-01
1.370271049033530697e-01
1.313426517622904854e-01
2.498212129725827790e-01
4.005400839059619633e-01
4.563376753688460630e-01
3.469920486498337397e-01
2.908310908817707818e-01
3.068515454780005314e-01
5.318079902045855789e-01
6.035012111615835062e-01
6.035012111615835062e-01
6.035012111615835062e-01
6.035012111615835062e-01
6.035012111615835062e-01
3.810388557979054180e-01
6.035012111615835062e-01
8.640653438486765869e-03
6.035012111615835062e-01
6.035012111615835062e-01
6.035012111615835062e-01
6.035012111615835062e-01
6.035012111615835062e-01
6.035012111615835062e-01
6.035012111615835062e-01
6.035012111615835062e-01
6.035012111615835062e-01
6.035012111615835062e-01
6.035012111615835062e-01
6.035012111615835062e-01
6.035012111615835062e-01
6.035012111615835062e-01
6.035012111615835062e-01
6.035012111615835062e-01
6.035012111615835062e-01
6.035012111615835062e-01
6.035012111615835062e-01
6.035012111615835062e-01
6.035012111615835062e-01
6.035012111615835062e-01
6.035012111615835062e-01
6.035012111615835062e-01
6.035012111615835062e-01
6.035012111615835062e-01
4.180394104528489807e-01
3.957190761966961068e-01
5.374828665374159486e-01
6.025529023425555408e-01
6.035012111615835062e-01
6.035012111615835062e-01
6.035012111615835062e-01
6.035012111615835062e-01
6.035012111615835062e-01
6.035012111615835062e-01
6.035012111615835062e-01
6.035012111615835062e-01
6.035012111615835062e-01
1.006256067950450899e-03
1.363283092476623784e-02
1.791626103261138945e-03
3.879392525616055624e-03
1.340829428729970775e-03
9.392705254806811826e-04
2.479600527681335357e-04
2.006208758912128175e-04
1.055837895204208296e-03
2.545483051592564282e-04
6.035012111615835062e-01
6.035012111615835062e-01
6.035012111615835062e-01
6.035012111615835062e-01
6.035012111615835062e-01
6.035012111615835062e-01
6.035012111615835062e-01
6.035012111615835062e-01
6.035012111615835062e-01
3.734262191532005115e-01
3.979189223448793000e-01
3.182482369294773461e-01
3.752343572909869196e-01
2.420662643179231077e-01
6.035012111615835062e-01
6.035012111615835062e-01
1.328621940655628575e-04
1.009493004241891322e-04
5.759498820584592060e-01
5.134602545020049424e-01
6.035012111615835062e-01
6.035012111615835062e-01
6.035012111615835062e-01
6.035012111615835062e-01
6.035012111615835062e-01
6.035012111615835062e-01
6.035012111615835062e-01
6.035012111615835062e-01
6.035012111615835062e-01
6.035012111615835062e-01
6.035012111615835062e-01
6.035012111615835062e-01
6.035012111615835062e-01
6.035012111615835062e-01
6.035012111615835062e-01
6.035012111615835062e-01
6.035012111615835062e-01
6.035012111615835062e-01
6.035012111615835062e-01
4.133289303057942621e-01
3.289456128563373327e-01
1.660861679425282844e-01
1.180215437517193461e-01
3.565748929810795553e-02
1.311987176479245416e-03
2.654396123073273633e-03
3.412587133450382628e-05
6.035012111615835062e-01
6.035012111615835062e-01
6.035012111615835062e-01
6.035012111615835062e-01
6.035012111615835062e-01
6.035012111615835062e-01
6.035012111615835062e-01
6.035012111615835062e-01
6.035012111615835062e-01
6.035012111615835062e-01
6.035012111615835062e-01
6.035012111615835062e-01
6.035012111615835062e-01
6.035012111615835062e-01
6.035012111615835062e-01
6.035012111615835062e-01
6.035012111615835062e-01
6.035012111615835062e-01
6.035012111615835062e-01
6.035012111615835062e-01
6.035012111615835062e-01
1.871458818379182487e-01
1.143657763893609625e-01
8.554575019761584409e-02
1.713893084653135002e-01
2.608533668691183083e-01
3.593689850621756277e-01
4.351526591951960787e-01
3.887049047086106324e-01
6.035012111615835062e-01
6.035012111615835062e-01
6.035012111615835062e-01
6.035012111615835062e-01
6.035012111615835062e-01
6.035012111615835062e-01
6.035012111615835062e-01
6.035012111615835062e-01
6.035012111615835062e-01
5.537963459049934922e-01
4.813938227671886172e-01
3.833046161116895889e-01
3.109096151013422404e-01
1.431182312477224938e-01
6.749625837503094028e-02
8.940200332592834753e-02
6.035012111615835062e-01
6.035012111615835062e-01
1.280717586658710119e-02
6.035012111615835062e-01
6.035012111615835062e-01
6.035012111615835062e-01
6.035012111615835062e-01
6.035012111615835062e-01
6.035012111615835062e-01
6.035012111615835062e-01
6.035012111615835062e-01
3.319728196346604099e-01
6.035012111615835062e-01
6.035012111615835062e-01
6.035012111615835062e-01
3.337718782260064021e-01
6.035012111615835062e-01
6.035012111615835062e-01
6.035012111615835062e-01
6.035012111615835062e-01
3.087987599890298362e-01
1.943971127346205419e-01
5.762758043148168835e-02
2.823459197099437417e-03
1.500711772931482277e-04
1.052983132610859696e-04
1.351420146371817811e-04
1.420293843099528332e-03
6.035012111615835062e-01
6.035012111615835062e-01
6.035012111615835062e-01
6.035012111615835062e-01
6.035012111615835062e-01
6.035012111615835062e-01
6.035012111615835062e-01
6.035012111615835062e-01
6.035012111615835062e-01
6.035012111615835062e-01
6.035012111615835062e-01
6.035012111615835062e-01
6.035012111615835062e-01
6.035012111615835062e-01
6.035012111615835062e-01
6.035012111615835062e-01
6.035012111615835062e-01
6.035012111615835062e-01
6.035012111615835062e-01
6.035012111615835062e-01
6.035012111615835062e-01
6.035012111615835062e-01
6.035012111615835062e-01
6.035012111615835062e-01
6.035012111615835062e-01
6.035012111615835062e-01
6.035012111615835062e-01
3.840976727176742545e-01
2.805362604894108824e-01
1.876130569639113399e-01
1.383377818923335334e-01
6.035012111615835062e-01
5.182509234982419881e-03
7.477429060880923413e-03
3.130417193630520827e-03
1.383841026175525526e-03
2.880963320226098191e-04
1.728014407545703504e-03
7.754119908764808486e-03
4.014257412568643336e-04
3.147855802515222212e-04
4.036114000220283280e-05
9.224263300938918440e-05
6.057935066741590956e-04
2.669247570390272800e-03
6.035012111615835062e-01
6.035012111615835062e-01
6.035012111615835062e-01
6.035012111615835062e-01
6.035012111615835062e-01
6.035012111615835062e-01
6.035012111615835062e-01
6.035012111615835062e-01
5.885880216633002648e-01
4.636148313977153657e-01
7.057203221665341031e-02
6.035012111615835062e-01
5.913846563291271646e-02
6.035012111615835062e-01
2.882464256503309286e-01
2.906931230894126417e-01
2.481670688068414732e-01
1.906691980194213376e-01
1.422306802614350940e-01
2.115081523667059482e-01
3.862898501859572953e-01
6.024245352240793494e-01
4.178812296046511277e-01
5.521930418116131056e-01
3.910758935591486796e-01
9.110612360596102854e-02
6.035012111615835062e-01
6.035012111615835062e-01
6.035012111615835062e-01
6.035012111615835062e-01
4.740993640309076364e-03
2.577057283450421340e-03
6.035012111615835062e-01
6.035012111615835062e-01
6.035012111615835062e-01
6.035012111615835062e-01
6.035012111615835062e-01
6.035012111615835062e-01
6.035012111615835062e-01
6.035012111615835062e-01
6.035012111615835062e-01
6.035012111615835062e-01
6.035012111615835062e-01
6.035012111615835062e-01
6.035012111615835062e-01
6.035012111615835062e-01
6.035012111615835062e-01
1.146755046489056074e-01
6.035012111615835062e-01
6.035012111615835062e-01
6.035012111615835062e-01
6.035012111615835062e-01
6.035012111615835062e-01
6.035012111615835062e-01
6.035012111615835062e-01
6.035012111615835062e-01
6.035012111615835062e-01
6.035012111615835062e-01
6.035012111615835062e-01
6.035012111615835062e-01
6.035012111615835062e-01
2.447707140833605410e-01
1.513503097358866456e-01
3.282684263606834851e-01
3.749092744273481159e-01
6.035012111615835062e-01
6.035012111615835062e-01
6.035012111615835062e-01
1.191807390446035855e-02
6.035012111615835062e-01
6.035012111615835062e-01
