1.174737702611553081e+00
1.174737702611553081e+00
1.164178232672375080e+00
1.153971186664951798e+00
1.144009104594951198e+00
1.134231525828826026e+00
1.124590568681550273e+00
1.115074198440038078e+00
1.105714841339253240e+00
1.096561225223755764e+00
1.087690191427899800e+00
1.079299422878214010e+00
1.071230678342308229e+00
1.063649055097386054e+00
1.056618850518760588e+00
1.050207860829158513e+00
1.044386917010515781e+00
1.039262958632822809e+00
1.034782331845280234e+00
1.030926257868413520e+00
1.027665206227378336e+00
1.024894708559960232e+00
1.022704581448566907e+00
1.021005314327374736e+00
1.019710606480269233e+00
1.018798499198363627e+00
1.018228546892611108e+00
1.017903271430627754e+00
1.017910842360135071e+00
1.018152409638651168e+00
1.018599908404652199e+00
1.019228325964960158e+00
1.020015594844165596e+00
1.020942301388377382e+00
1.021991323142725117e+00
1.023147577933474217e+00
1.024397860982638520e+00
1.025730555868286764e+00
1.027135360745830228e+00
1.028603302778623219e+00
1.030126395249591820e+00
1.031697564957194224e+00
1.033279422204183895e+00
1.034960388084889438e+00
1.036641260962077427e+00
1.038348886063347187e+00
1.040079841786156756e+00
1.041830406330237491e+00
1.043597427994717330e+00
1.045378078947756695e+00
1.047169807115376550e+00
1.048970286008451991e+00
1.050777440553655406e+00
1.052589326224414590e+00
1.054404271468782905e+00
1.056220647907027299e+00
1.058037128656860171e+00
1.059853518710747178e+00
1.061664744581827913e+00
1.063474535725480230e+00
1.065278856101705252e+00
1.067076832209089776e+00
1.068869209558943600e+00
1.070654433045938658e+00
1.072431764927364251e+00
1.074200595454493534e+00
1.075960269469088626e+00
1.077710277360706570e+00
1.079450213344356868e+00
1.081179141300551594e+00
1.082894773703575453e+00
1.084604782886265717e+00
1.086290099770487849e+00
1.087983668994739972e+00
1.089649667233163033e+00
1.091276039859435443e+00
1.092944578449037918e+00
1.094594227469531944e+00
1.096215414068143268e+00
1.097821639556628481e+00
1.094904445376525315e+00
1.100970059082423180e+00
1.102538334528960107e+00
1.104092763343489603e+00
1.105633175503115462e+00
1.107159441417850276e+00
1.108671478096736607e+00
1.110169186735147973e+00
1.111652508414433305e+00
1.113121412997316373e+00
1.114575843265421362e+00
1.116015829251131297e+00
1.117441375081502430e+00
1.118852480237150893e+00
1.120249238313500983e+00
1.121631636327924175e+00
1.122999818651637893e+00
1.124353810808047527e+00
1.125693760425979573e+00
1.127019782140516568e+00
1.128331971048567084e+00
1.129630433943611401e+00
1.130915330127310270e+00
1.132186786539560730e+00
1.133444956587647434e+00
1.134690002931871167e+00
1.135914188187945539e+00
1.137133328803687116e+00
1.138339808804931463e+00
1.139533381110153121e+00
1.140715113773801415e+00
1.141884668092830291e+00
1.143042299696507724e+00
1.144188125663918809e+00
1.145322352317606374e+00
1.146445173124078787e+00
1.147556785841666871e+00
1.148657357243061616e+00
1.149747091944710142e+00
1.150826194252453583e+00
1.151894814319665894e+00
1.152953164656357998e+00
1.154001437759845983e+00
1.155039784307725803e+00
1.156068470440318574e+00
1.157087639249515298e+00
1.158097470020519104e+00
1.159098173782107777e+00
1.160089913843011411e+00
1.161072896791025544e+00
1.162047277755401176e+00
1.163013260958283057e+00
1.163971026148591825e+00
1.164023546413103460e+00
1.165851095282678607e+00
1.166785242160966574e+00
1.167711849854230266e+00
1.168631104353400563e+00
1.169543172371397599e+00
1.170448224021096051e+00
1.171346410806658245e+00
1.172237899574175124e+00
1.173122840770251418e+00
1.339834961171318950e+00
1.174849226883811992e+00
1.341231000673952511e+00
1.176550451658538776e+00
1.177309173456021263e+00
1.178246469289731424e+00
1.179094591961561633e+00
1.179931314206273507e+00
1.180762456906350844e+00
1.181588114199653372e+00
1.182408338491014899e+00
1.183223198618557737e+00
1.184032764853567343e+00
1.184837116083904407e+00
1.185636297811645035e+00
1.186430408721223406e+00
1.187219484068393838e+00
1.188003619530655364e+00
1.188782872576549465e+00
1.189557303216764117e+00
1.190326983970169117e+00
1.191091963960847711e+00
1.191852338556296687e+00
1.192608136444172739e+00
1.193359447948108221e+00
1.194106321041455754e+00
1.194848826327825186e+00
1.195587008070618351e+00
1.196320947276300339e+00
1.197050696682796955e+00
1.197776289682558559e+00
1.198497817483911154e+00
1.199215350466701357e+00
1.199928940951708878e+00
1.200638660579720352e+00
1.201344551000191885e+00
1.202046702339691908e+00
1.202745139100237504e+00
1.203439961155599258e+00
1.204131210566928178e+00
1.204818933547243454e+00
1.205503192618914587e+00
1.206184040857347872e+00
1.206861526625458980e+00
1.207535717425586519e+00
1.208206651577188762e+00
1.208874376411462226e+00
1.209538946134048443e+00
1.210200426911106852e+00
