9.353000786409825906e+00
9.353000780607034770e+00
9.352895079872553197e+00
9.352683731392623656e+00
9.352366859641275454e+00
9.351944657784059700e+00
9.351417393542796219e+00
9.350785400493400346e+00
9.350049073874650674e+00
9.349208868164677000e+00
9.348265293881290461e+00
9.347219293649066785e+00
9.346071378693341813e+00
9.344821930108821562e+00
9.343471772174776646e+00
9.342021503757935719e+00
9.340471843559152276e+00
9.338823559878578706e+00
9.337077444307970708e+00
9.335234312492628916e+00
9.333295002593422041e+00
9.331260230943227540e+00
9.329131020783979267e+00
9.326908667897058081e+00
9.324593700491490722e+00
9.322187053306141280e+00
9.319689681285050042e+00
9.317102612543113338e+00
9.314426797361914367e+00
9.311663246890645951e+00
9.308812989052288600e+00
9.305877067691401550e+00
9.302856541916920463e+00
9.299752484208267944e+00
9.296565979651543188e+00
9.293298126359427869e+00
9.289950032582529715e+00
9.286522816428934846e+00
9.283017605396075567e+00
9.279435534889939774e+00
9.275777747242511140e+00
9.272045391328886055e+00
9.268238694527187960e+00
9.264360667298944918e+00
9.260411543882204555e+00
9.256392491639067188e+00
9.252304673579009986e+00
9.248149256320077782e+00
9.243927406231307486e+00
9.239640288968805848e+00
9.235289068728926409e+00
9.230874907563046960e+00
9.226398964830959670e+00
9.221862395286988701e+00
9.217266350177311551e+00
9.212611975647435614e+00
9.207900413195989842e+00
9.203132795837946745e+00
9.198310254082194604e+00
9.193433907620786272e+00
9.188504870197458985e+00
9.183524249051931321e+00
9.178493140721590393e+00
9.173412633007760775e+00
9.168283805636258776e+00
9.163107727909665101e+00
9.157885459780210624e+00
9.152618050346877254e+00
9.147306538840437540e+00
9.141951958111725673e+00
9.136555335265279965e+00
9.131117647609483967e+00
9.125639898664157812e+00
9.120123074146905040e+00
9.114568133279696838e+00
9.108976088809498606e+00
9.103347791638318753e+00
9.097684303774526526e+00
9.091986428985631363e+00
9.086255124744681666e+00
9.080507169501439435e+00
9.074711617064874503e+00
9.068885284222623966e+00
9.063029029986763518e+00
9.057143699933970282e+00
9.051230126914116880e+00
9.045289130412200507e+00
9.039321518135006173e+00
9.033328084430843674e+00
9.027309610922500838e+00
9.021266866611297175e+00
9.015200607986301407e+00
9.009111578537268628e+00
9.003000509839067078e+00
8.996868120027521343e+00
8.990715116071173796e+00
8.984542191731977212e+00
8.978350028977198249e+00
8.972139297386283019e+00
8.965910654906490862e+00
8.959664747344232794e+00
8.953402208300682119e+00
8.947123660616156826e+00
8.940829714676016948e+00
8.934520969899848453e+00
8.928198014098789770e+00
8.921861423213155007e+00
8.915511763423968006e+00
8.909149590132406260e+00
8.902775446450583274e+00
8.896389866301969818e+00
8.889993372252584791e+00
8.883586476875906968e+00
8.877169682477394019e+00
8.870743481096155847e+00
8.864308355367004566e+00
8.857864777422980396e+00
8.851413209960794504e+00
8.844954106460475529e+00
8.838487910673858750e+00
8.832015057527314639e+00
8.825535972549172214e+00
8.819051072933634217e+00
8.812560765521180173e+00
8.806065451052859316e+00
8.799565519511403977e+00
8.793061353526827162e+00
8.786553327150169679e+00
8.780041806893391865e+00
8.773527151317612294e+00
8.767009710159170410e+00
8.760489827089365633e+00
8.753967837209302161e+00
8.747295783086013188e+00
8.740771020675193625e+00
8.734245113295367346e+00
8.727718367837386637e+00
8.721191084294160234e+00
8.714663555086589852e+00
8.708136066889485605e+00
8.701608900130377577e+00
8.695082328562591556e+00
8.688556619085119337e+00
8.682017759546784674e+00
8.675494599467585388e+00
8.668958767978979907e+00
8.662439154781225170e+00
8.655921761527213931e+00
8.649406627054899488e+00
8.642894040328835459e+00
8.636384246573447498e+00
8.629877463223726508e+00
8.623373901633252459e+00
8.616873768620454399e+00
8.610377265982243955e+00
8.603884591281584449e+00
8.597395936655473747e+00
8.590911490183199106e+00
8.584431434729790311e+00
8.577955950037949862e+00
8.571485210399931276e+00
8.565019386079075758e+00
8.558558643709599068e+00
8.552103145823320318e+00
8.545653050971964149e+00
8.539208513648507193e+00
8.532769684050919068e+00
8.526336709786701107e+00
8.519909734532458145e+00
8.513488897700177915e+00
8.507074336295179506e+00
8.500666183486046634e+00
8.494264568874502430e+00
8.487869619349446282e+00
8.481481457781775646e+00
8.475100204920629210e+00
8.468725977786526471e+00
8.462358891204502243e+00
8.455999056270552927e+00
8.449646581632716646e+00
8.443301573096135826e+00
8.436964133709889069e+00
8.430634363941987175e+00
