1.306850853057755657e+01
1.306850852246958894e+01
1.306837295416004352e+01
1.306810213068517257e+01
1.306769641807468574e+01
1.306715624098910666e+01
1.306648208923298782e+01
1.306567451682207093e+01
1.306473414080826601e+01
1.306366164346539094e+01
1.306245776358128197e+01
1.306112339931299360e+01
1.305966003503480977e+01
1.305806789804246293e+01
1.305634789952006614e+01
1.305450106953857770e+01
1.305252879939139277e+01
1.305043182687215975e+01
1.304821126738995218e+01
1.304586827040185426e+01
1.304340401895248291e+01
1.304081972864026184e+01
1.303811663670722254e+01
1.303529716932763094e+01
1.303236151237337381e+01
1.302931100017853439e+01
1.302614699270737475e+01
1.302287119691352046e+01
1.301948470301160299e+01
1.301598893941203627e+01
1.301238535277222397e+01
1.300867540682766332e+01
1.300486058113483523e+01
1.300094236884682175e+01
1.299692227616709062e+01
1.299280181899542796e+01
1.298858252358079213e+01
1.298426592240995703e+01
1.297985355484641090e+01
1.297534696463678472e+01
1.297074769947098005e+01
1.296605730833652004e+01
1.296127758763119786e+01
1.295640959438397388e+01
1.295145512348553396e+01
1.294641572032998411e+01
1.294129292616536375e+01
1.293608827739912570e+01
1.293080330442855441e+01
1.292543953129831991e+01
1.291999847413760349e+01
1.291448164043326230e+01
1.290889052880618593e+01
1.290322662771652773e+01
1.289749141490003481e+01
1.289168635752831804e+01
1.288581290988957306e+01
1.287987251537723310e+01
1.287386660245395475e+01
1.286779658845445340e+01
1.286166387600294314e+01
1.285546985340672776e+01
1.284921589450867074e+01
1.284290335946386108e+01
1.283653359265986538e+01
1.283010792320198235e+01
1.282362766464384052e+01
1.281709411481691774e+01
1.281050855560546253e+01
1.280387225313981503e+01
1.279718645975362179e+01
1.279045240134101391e+01
1.278367130028744825e+01
1.277684435065017254e+01
1.276997273829121582e+01
1.276305760797967181e+01
1.275610015685472831e+01
1.274910149882421706e+01
1.274206273379487087e+01
1.273498497495267756e+01
1.272788427623262919e+01
1.272073169198825582e+01
1.271354330974470059e+01
1.270632016257090768e+01
1.269906326547640418e+01
1.269177361834881879e+01
1.268445220432544573e+01
1.267709999062288517e+01
1.266971792721838952e+01
1.266230694952727376e+01
1.265486797535382024e+01
1.264740190795163599e+01
1.263990963390311961e+01
1.263239202465415900e+01
1.262484993622600982e+01
1.261728420957122765e+01
1.260969566944060816e+01
1.260208512642918066e+01
1.259445337614085147e+01
1.258680119942155073e+01
1.257912936186421149e+01
1.257143861556397724e+01
1.256372969829205744e+01
1.255600333292814952e+01
1.254826022926326345e+01
1.254050108265084873e+01
1.253272649834260832e+01
1.252493722212329175e+01
1.251713390861675634e+01
1.250931720157176130e+01
1.250148772949388487e+01
1.249364610961641020e+01
1.248579294704588349e+01
1.247792883342578563e+01
1.247005434916946243e+01
1.246217006245882075e+01
1.245427652986879963e+01
1.244637429620128799e+01
1.243846389545234032e+01
1.243054584927449113e+01
1.242262066926661035e+01
1.241468885577749859e+01
1.240675089774035555e+01
1.239880727550884032e+01
1.239085845752571302e+01
1.238290490217750417e+01
1.237494705865900713e+01
1.236698536593902276e+01
1.235902025341456678e+01
1.235105214054302536e+01
1.234308143829298032e+01
1.233510854782164401e+01
1.232713386224524399e+01
1.231901768690207888e+01
1.231104068617470659e+01
1.230306301586691475e+01
1.229508503412032994e+01
1.228710709063993889e+01
1.227912952853136019e+01
1.227115268195126774e+01
1.226317687758355746e+01
1.225520243403313358e+01
1.224722966384301515e+01
1.223916847185932966e+01
1.223120020344597236e+01
1.222314536456729073e+01
1.221518275807964571e+01
1.220722408027506845e+01
1.219926802566358859e+01
1.219131560154350424e+01
1.218336709540725238e+01
1.217542275923362638e+01
1.216748283776788853e+01
1.215954757070170800e+01
1.215161719185906009e+01
1.214369192935787112e+01
1.213577200577632098e+01
1.212785763798790484e+01
1.211994903787769218e+01
1.211204641163853069e+01
1.210414996163281742e+01
1.209625988407668373e+01
1.208837637024008060e+01
1.208049960708078174e+01
1.207262977737182652e+01
1.206476705832147900e+01
1.205691162273334527e+01
1.204906364038616573e+01
1.204122327520331481e+01
1.203339068717465921e+01
1.202556603303773741e+01
1.201774946538897026e+01
1.200994113184635026e+01
1.200214117752501508e+01
1.199434974294076284e+01
1.198656696515407205e+01
1.197879297785626207e+01
1.197102791119074894e+01
1.196327189153002735e+01
1.195552504204379218e+01
1.194778748272530322e+01
1.194005933059540325e+01
1.193234069961507871e+01
1.192463170009788342e+01
