1.706644925605577967e+01
1.706644924546741038e+01
1.706821034143152716e+01
1.707450792370057968e+01
1.708785473337893279e+01
1.711056138489977840e+01
1.714477038779079621e+01
1.719243063256900683e+01
1.725521228005458951e+01
1.733443249853344881e+01
1.743095171684869982e+01
1.754486205090134732e+01
1.767623280569547717e+01
1.782444202381451248e+01
1.798841378294429205e+01
1.816665925979581075e+01
1.835757735017028836e+01
1.855919225190117672e+01
1.876960847360209073e+01
1.898697799973535894e+01
1.920956363257460353e+01
1.943593054427572753e+01
1.966452105684875562e+01
1.989406619770517182e+01
2.012356387137458924e+01
2.035213247784077595e+01
2.057904048388869001e+01
2.080380049394908681e+01
2.102581036241770107e+01
2.124469607292694562e+01
2.146016742264053789e+01
2.167200462324558430e+01
2.188004641253622751e+01
2.208417988388616848e+01
2.228433198427988415e+01
2.248046233619849943e+01
2.267255710956467851e+01
2.286062400230915159e+01
2.304468817296044136e+01
2.322478861878797218e+01
2.340097541866649422e+01
2.357330738277438442e+01
2.374188954764266413e+01
2.390671282947301890e+01
2.406789187024771337e+01
2.422550425900672977e+01
2.437962886182825173e+01
2.453034597245835968e+01
2.467773647325590503e+01
2.482188135690386588e+01
2.496286135231025938e+01
2.510075664507551707e+01
2.523564660109895641e+01
2.536760964571813659e+01
2.549672301090306092e+01
2.562306274048546229e+01
2.574670344011626355e+01
2.586771723237792386e+01
2.598617862757283703e+01
2.610215593859792804e+01
2.621571896590500117e+01
2.632693595167084055e+01
2.643587218047254339e+01
2.654259221703322069e+01
2.664715920795869053e+01
2.674963483930225649e+01
2.685007944675998459e+01
2.694855195587777885e+01
2.704510986196610745e+01
2.713980973147921816e+01
2.723270832393722074e+01
2.732385464699319400e+01
2.741331131456954040e+01
2.750111366836223681e+01
2.758732351320045595e+01
2.767200961255298708e+01
2.775517870851076552e+01
2.783688225070077848e+01
2.791717695500490848e+01
2.799610841442263265e+01
2.807681919760711153e+01
2.815315937091426690e+01
2.822826159956690262e+01
2.830216636316505685e+01
2.837491323784427166e+01
2.844654089412929920e+01
2.851708709164243416e+01
2.858658871168845650e+01
2.865508175489478049e+01
2.872260134601634718e+01
2.878918176987849975e+01
2.885485644244960213e+01
2.891965794579934723e+01
2.898361804923659335e+01
2.904676767933915116e+01
2.910913699332757432e+01
2.917075531846642278e+01
2.923165122921783166e+01
2.929185250665182849e+01
2.935138617323722343e+01
2.941027851909458946e+01
2.946855511331193611e+01
2.952624079870589213e+01
2.958335972275233416e+01
2.963993534342897362e+01
2.969599044253088493e+01
2.975155000483262313e+01
2.980663260430040040e+01
2.986125909895038788e+01
2.991544986897636704e+01
2.996922439530962734e+01
3.002260174674973214e+01
3.007560039600366508e+01
3.012823827747399719e+01
3.018053277453444849e+01
3.023250073834374518e+01
3.028415850131084852e+01
3.033552189912980879e+01
3.038660627480923893e+01
3.043742649294316038e+01
3.048799696526342373e+01
3.053833164937012512e+01
3.058844406639900626e+01
3.063834732152103157e+01
3.068805409445692334e+01
3.073757667511466707e+01
3.078692696804631979e+01
3.083611649906041308e+01
3.088515643418878653e+01
3.093405758435439168e+01
3.098283042335724957e+01
3.103148509196181948e+01
3.108003141166261685e+01
3.112856903026041877e+01
3.117692768935512149e+01
3.122520555553272459e+01
3.127341127615761707e+01
3.132155322676044662e+01
3.136963952154522062e+01
3.141767802185757574e+01
3.146567634550427783e+01
3.151364187408221795e+01
3.156158176153455486e+01
3.160764371490500935e+01
3.165555311061398669e+01
3.170161255469586337e+01
3.174950310947330934e+01
3.179738536084080991e+01
3.184525740545394612e+01
3.189312029586605490e+01
3.194097422463356750e+01
3.198881931959422076e+01
3.203665570687550712e+01
3.208448351136105714e+01
3.213230285652281282e+01
3.218011386441728661e+01
3.222791665560537666e+01
3.227571134952072640e+01
3.232349806391390246e+01
3.237127691553841657e+01
3.241904801952138371e+01
3.246681148977967979e+01
3.251456743900308766e+01
3.256231597853435744e+01
3.261005721862355244e+01
3.265779126795927567e+01
3.270551823436967709e+01
3.275323822419645836e+01
3.280095134274164081e+01
3.284865769404575531e+01
3.289635738116605523e+01
3.294405050581372052e+01
3.299173716865091421e+01
3.303941746949301006e+01
3.308709150673859511e+01
3.313475937759096723e+01
3.318242117824810578e+01
3.323007700372133399e+01
3.327772694814090926e+01
3.332537110429000649e+01
3.337300956425714560e+01
3.342064241871097607e+01
3.346826975747371336e+01
3.351589166948831888e+01
3.356350824267027377e+01
3.361111956400775114e+01
3.365872571961505599e+01
3.370632679455992786e+01
3.375392287314889472e+01
3.380151403884926253e+01
3.384910037423291840e+01
3.389668196087416874e+01
