1.526015917782655862e+01
1.526015918362934976e+01
1.526026488436383133e+01
1.526047623284376087e+01
1.526079310459510907e+01
1.526121530645232482e+01
1.526174257069358831e+01
1.526237456374298418e+01
1.526311089036173385e+01
1.526395109607170752e+01
1.526489467035509406e+01
1.526594067058731774e+01
1.526708858554304271e+01
1.526833803412756296e+01
1.526968819206160788e+01
1.527113846047844881e+01
1.527268812067723225e+01
1.527433640435780582e+01
1.527608251992841382e+01
1.527792565174375561e+01
1.527986496164296248e+01
1.528189973329315698e+01
1.528402894345240526e+01
1.528625129633932644e+01
1.528856626374489380e+01
1.529097291093024324e+01
1.529347028295133448e+01
1.529605735169327119e+01
1.529873316687447016e+01
1.530149671734573857e+01
1.530434697518409592e+01
1.530728289654498298e+01
1.531030342231946406e+01
1.531340748002811658e+01
1.531659398458484134e+01
1.531986183787695666e+01
1.532320993165385481e+01
1.532663714780744968e+01
1.533014235884030896e+01
1.533372442934644475e+01
1.533738221699387339e+01
1.534111457290749847e+01
1.534492126970919657e+01
1.534879929693743961e+01
1.535274842035417997e+01
1.535676747259731734e+01
1.536085529065737454e+01
1.536501070791630674e+01
1.536923255800507704e+01
1.537351967526757868e+01
1.537787089550745812e+01
1.538228505667333756e+01
1.538676099940542485e+01
1.539129756894939582e+01
1.539589361405907297e+01
1.540054798858894891e+01
1.540525955104039468e+01
1.541002716839843778e+01
1.541484971015418992e+01
1.541972605661559825e+01
1.542465509403892554e+01
1.542963571518445320e+01
1.543466682351479413e+01
1.543974733122862375e+01
1.544487615860012575e+01
1.545005223632671942e+01
1.545527450445617390e+01
1.546054191388950727e+01
1.546585342539594699e+01
1.547120800612465885e+01
1.547660462897110456e+01
1.548204231662690056e+01
1.548752006557222671e+01
1.549303689008947948e+01
1.549859183095668769e+01
1.550418387542688592e+01
1.550981217259806577e+01
1.551547566046185800e+01
1.552117353525075316e+01
1.552690483949170286e+01
1.553265279473494509e+01
1.553844834717151002e+01
1.554427468001376056e+01
1.555013093424962101e+01
1.555601626430241424e+01
1.556192983732226764e+01
1.556787083382418402e+01
1.557383844610137835e+01
1.557983187980554085e+01
1.558585035331388369e+01
1.559189309762508735e+01
1.559795935625008312e+01
1.560404838569911590e+01
1.561015945439731745e+01
1.561629184420886318e+01
1.562244484816521073e+01
1.562861777250440731e+01
1.563480993525918628e+01
1.564102066685010151e+01
1.564724930932989366e+01
1.565349521689215173e+01
1.565975775593570241e+01
1.566603630362022770e+01
1.567233024956036758e+01
1.567863899433653607e+01
1.568496195013759476e+01
1.569129854102322952e+01
1.569764820081241652e+01
1.570401037410397826e+01
1.571038451778580125e+01
1.571677009793441471e+01
1.572316659198379973e+01
1.572957348736047756e+01
1.573599028175899051e+01
1.574241648314022868e+01
1.574885160886937996e+01
1.575529518681340413e+01
1.576174675427559002e+01
1.576820585777590900e+01
1.577467205356252578e+01
1.578114490670906989e+01
1.578762399168721231e+01
1.579410889130275031e+01
1.580059919871520435e+01
1.580709451318352521e+01
1.581359444472498055e+01
1.582009861070955736e+01
1.582660663708621485e+01
1.583311815734299266e+01
1.583963281291877223e+01
1.584615025407721411e+01
1.585267013714701889e+01
1.585919212702708236e+01
1.586586418115037134e+01
1.587238894356119090e+01
1.587891485094101718e+01
1.588544159639899789e+01
1.589196887994222429e+01
1.589849640914979467e+01
1.590502389734689892e+01
1.591155106410600695e+01
1.591807763567379297e+01
1.592460334515126519e+01
1.593114220468959985e+01
1.593766536476879914e+01
1.594420119625740462e+01
1.595072080945515935e+01
1.595723820270917059e+01
1.596375333718148504e+01
1.597026592390754907e+01
1.597677571766293703e+01
1.598328250101265802e+01
1.598978606260313207e+01
1.599628619561593013e+01
1.600278269825414057e+01
1.600927537295480008e+01
1.601576402758091078e+01
1.602224847405318542e+01
1.602872852950659421e+01
1.603520401419843466e+01
1.604167475383645325e+01
1.604814057815730877e+01
1.605460132052678546e+01
1.606105681841306421e+01
1.606750691326442038e+01
1.607395145058787733e+01
1.608039028018546546e+01
1.608682325444968342e+01
1.609325022970392638e+01
1.609967106653620661e+01
1.610608562794120502e+01
1.611249378075033789e+01
1.611889539536188209e+01
1.612529034488693824e+01
1.613167850645460888e+01
1.613805975931575531e+01
1.614443398644985805e+01
1.615080107303188228e+01
1.615716090796583160e+01
1.616351338260366788e+01
1.616985839114024870e+01
1.617619583052649546e+01
1.618252560029439735e+01
1.618884760192277028e+01
1.619516174032233380e+01
1.620146792305070704e+01
1.620776605920787361e+01
1.621405606098760899e+01
1.622033784207799911e+01
1.622661131953133307e+01
1.623287641164427342e+01
1.623913303949110087e+01
