1.526015917782655862e+01,0.000000000000000000e+00,0.000000000000000000e+00,0.000000000000000000e+00,1.526015917782655862e+01
1.526015918362934976e+01,-1.503619830658637635e-01,0.000000000000000000e+00,1.503619888686555384e-01,1.526015917782655862e+01
1.526026488436383133e+01,-1.488804306332833227e-01,-1.481552489758396294e-03,1.504676838575232378e-01,1.526015918362934976e+01
1.526047623284376087e+01,-1.474134762896966711e-01,-2.949548327856790948e-03,1.505743730974823114e-01,1.526026488436383133e+01
1.526079310459510907e+01,-1.459609761966590702e-01,-4.404130887805749080e-03,1.506819788358122192e-01,1.526047623284376087e+01
1.526121530645232482e+01,-1.445227879329984422e-01,-5.845441364306410391e-03,1.507904311545209541e-01,1.526079310459510907e+01
1.526174257069358831e+01,-1.430987704808482364e-01,-7.273618871916268276e-03,1.508996535940285433e-01,1.526121530645232482e+01
1.526237456374298418e+01,-1.416887842118277063e-01,-8.688800401089493211e-03,1.510095776623126829e-01,1.526174257069358831e+01
1.526311089036173385e+01,-1.402926908733492239e-01,-1.009112091761247068e-02,1.511201384097109746e-01,1.526237456374298418e+01
1.526395109607170752e+01,-1.389103535750594309e-01,-1.148071341745705853e-02,1.512312727024897607e-01,1.526311089036173385e+01
1.526489467035509406e+01,-1.375416367754160318e-01,-1.285770896408240486e-02,1.513429200228844917e-01,1.526395109607170752e+01
1.526594067058731774e+01,-1.361864062684033094e-01,-1.422223673325223245e-02,1.514546432338791104e-01,1.526489467035509406e+01
1.526708858554304271e+01,-1.348445291703647686e-01,-1.557442032071556202e-02,1.515668644468046167e-01,1.526594067058731774e+01
1.526833803412756296e+01,-1.335158739069847167e-01,-1.691438626356654359e-02,1.516797087550708634e-01,1.526708858554304271e+01
1.526968819206160788e+01,-1.322003102003748987e-01,-1.824226108467435700e-02,1.517927292190948685e-01,1.526833803412756296e+01
1.527113846047844881e+01,-1.308977090563103463e-01,-1.955816565644606306e-02,1.519061431295966602e-01,1.526968819206160788e+01
1.527268812067723225e+01,-1.296079427515735571e-01,-2.086222180132131163e-02,1.520198247516784673e-01,1.527113846047844881e+01
1.527433640435780582e+01,-1.283308848214340936e-01,-2.215454890249835690e-02,1.521337174045060692e-01,1.527268812067723225e+01
1.527608251992841382e+01,-1.270664100472555236e-01,-2.343526460837459802e-02,1.522477902262388827e-01,1.527433640435780582e+01
1.527792565174375561e+01,-1.258143944441970641e-01,-2.470448510404068751e-02,1.523620113635800188e-01,1.527608251992841382e+01
1.527986496164296248e+01,-1.245747152490846443e-01,-2.596232511592978451e-02,1.524763502642217661e-01,1.527792565174375561e+01
1.528189973329315698e+01,-1.233472509083514412e-01,-2.720889793900901563e-02,1.525909204975541278e-01,1.527986496164296248e+01
1.528402894345240526e+01,-1.221318810661224941e-01,-2.844431687094946953e-02,1.527054080963200222e-01,1.528189973329315698e+01
1.528625129633932644e+01,-1.209284865524331010e-01,-2.966869099947910468e-02,1.528195304388339781e-01,1.528402894345240526e+01
1.528856626374489380e+01,-1.197369493715081806e-01,-3.088212555271975177e-02,1.529340423297946283e-01,1.528625129633932644e+01
1.529097291093024324e+01,-1.185571526902331890e-01,-3.208473215922597044e-02,1.530485320348093647e-01,1.528856626374489380e+01
1.529347028295133448e+01,-1.173889808266604662e-01,-3.327661729073254360e-02,1.531629701384841502e-01,1.529097291093024324e+01
1.529605735169327119e+01,-1.162323192387003795e-01,-3.445788608004599074e-02,1.532772740606836159e-01,1.529347028295133448e+01
1.529873316687447016e+01,-1.150870545128581807e-01,-3.562864181039254036e-02,1.533915115044502953e-01,1.529605735169327119e+01
1.530149671734573857e+01,-1.139530743531435714e-01,-3.678898741441837678e-02,1.535056122388308575e-01,1.529873316687447016e+01
1.530434697518409592e+01,-1.128302675700346702e-01,-3.793902411854747220e-02,1.536195495269386535e-01,1.530149671734573857e+01
1.530728289654498298e+01,-1.117185240695908882e-01,-3.907885188835086288e-02,1.537332973188288154e-01,1.530434697518409592e+01
1.531030342231946406e+01,-1.106177348426523183e-01,-4.020856944773865821e-02,1.538468300648715148e-01,1.530728289654498298e+01
1.531340748002811658e+01,-1.095277919541577244e-01,-4.132827429612419973e-02,1.539601239589344917e-01,1.531030342231946406e+01
1.531659398458484134e+01,-1.084485885325454507e-01,-4.243806273766839027e-02,1.540731558269384516e-01,1.531340748002811658e+01
1.531986183787695666e+01,-1.073800187592916511e-01,-4.353802989928456241e-02,1.541859019506917616e-01,1.531659398458484134e+01
1.532320993165385481e+01,-1.063219778585298564e-01,-4.462826973687694654e-02,1.542983413723055253e-01,1.531986183787695666e+01
1.532663714780744968e+01,-1.052743620867669927e-01,-4.570887507407678241e-02,1.544104533144386171e-01,1.532320993165385481e+01
1.533014235884030896e+01,-1.042370687227266030e-01,-4.677993761517787452e-02,1.545222173707641311e-01,1.532663714780744968e+01
1.533372442934644475e+01,-1.032099960572665648e-01,-4.784154795982135944e-02,1.546336145232243275e-01,1.533014235884030896e+01
1.533738221699387339e+01,-1.021930433834085383e-01,-4.889379562755912650e-02,1.547446266583966668e-01,1.533372442934644475e+01
1.534111457290749847e+01,-1.011861109864641700e-01,-4.993676907740967480e-02,1.548552359774997833e-01,1.533738221699387339e+01
1.534492126970919657e+01,-1.001891001342627568e-01,-5.097055572140815616e-02,1.549663526573685779e-01,1.534111457290749847e+01
1.534879929693743961e+01,-9.920191306745360094e-02,-5.199525107848718825e-02,1.550751913741844068e-01,1.534492126970919657e+01
1.535274842035417997e+01,-9.822445298994547658e-02,-5.301092228194964617e-02,1.551844986886355970e-01,1.534879929693743961e+01
1.535676747259731734e+01,-9.725662405939365651e-02,-5.401766286613462337e-02,1.552933391686651676e-01,1.535274842035417997e+01
1.536085529065737454e+01,-9.629833137781393382e-02,-5.501555622673021118e-02,1.554017056646007089e-01,1.535676747259731734e+01
1.536501070791630674e+01,-9.534948098227113977e-02,-5.600468486725952016e-02,1.555095831084637170e-01,1.536085529065737454e+01
1.536923255800507704e+01,-9.440997983567625540e-02,-5.698513032985039195e-02,1.556169602542973873e-01,1.536501070791630674e+01
1.537351967526757868e+01,-9.347973581765108009e-02,-5.795697324236757930e-02,1.557238263225196595e-01,1.536923255800507704e+01
1.537787089550745812e+01,-9.255865771550152166e-02,-5.892029333201650315e-02,1.558301712873976785e-01,1.537351967526757868e+01
1.538228505667333756e+01,-9.164665521527544378e-02,-5.987516944164547605e-02,1.559359858227999107e-01,1.537787089550745812e+01
1.538676099940542485e+01,-9.074363889290537610e-02,-6.082167954535288440e-02,1.560412611703461128e-01,1.538228505667333756e+01
1.539129756894939582e+01,-8.984952020544424711e-02,-6.175990076264133155e-02,1.561459905120571312e-01,1.538676099940542485e+01
1.539589361405907297e+01,-8.896421148237237952e-02,-6.268990938595740692e-02,1.562501659780062557e-01,1.539129756894939582e+01
1.540054798858894891e+01,-8.808762591700952660e-02,-6.361178087847581264e-02,1.563537813253608744e-01,1.539589361405907297e+01
1.540525955104039468e+01,-8.721967755801324218e-02,-6.452558989830249614e-02,1.564568299077621072e-01,1.540054798858894891e+01
1.541002716839843778e+01,-8.636028130092646138e-02,-6.543141030243114498e-02,1.565593089613998568e-01,1.540525955104039468e+01
1.541484971015418992e+01,-8.550935287985039768e-02,-6.632931519289239630e-02,1.566612098284941856e-01,1.541002716839843778e+01
1.541972605661559825e+01,-8.466680885918353994e-02,-6.721937686611802187e-02,1.567625321867103794e-01,1.541484971015418992e+01
1.542465509403892554e+01,-8.383256662543350779e-02,-6.810166690300979708e-02,1.568632709517701618e-01,1.541972605661559825e+01
1.542963571518445320e+01,-8.300654437910851002e-02,-6.897625612906918557e-02,1.569634216537058591e-01,1.542465509403892554e+01
1.543466682351479413e+01,-8.218866112672403024e-02,-6.984321462789351564e-02,1.570629840849576964e-01,1.542963571518445320e+01
1.543974733122862375e+01,-8.137883667282985733e-02,-7.070261179048453748e-02,1.571619561771431806e-01,1.543466682351479413e+01
1.544487615860012575e+01,-8.057699161216240469e-02,-7.155451630373772798e-02,1.572603352874016591e-01,1.543974733122862375e+01
1.545005223632671942e+01,-7.978304732186326798e-02,-7.239899615171943581e-02,1.573581212001765040e-01,1.544487615860012575e+01
1.545527450445617390e+01,-7.899692595376024695e-02,-7.323611864650891867e-02,1.574553127297236566e-01,1.545005223632671942e+01
1.546054191388950727e+01,-7.821855042673499236e-02,-7.406595042526002703e-02,1.575519102853287223e-01,1.545527450445617390e+01
1.546585342539594699e+01,-7.744784441917353102e-02,-7.488855747256770168e-02,1.576479133981815439e-01,1.546054191388950727e+01
1.547120800612465885e+01,-7.668473236147275995e-02,-7.570400511824562639e-02,1.577433182084299335e-01,1.546585342539594699e+01
1.547660462897110456e+01,-7.592913942863495358e-02,-7.651235801036522510e-02,1.578381202854456933e-01,1.547120800612465885e+01
1.548204231662690056e+01,-7.518099153293188175e-02,-7.731368011634902337e-02,1.579323593050764030e-01,1.547660462897110456e+01
1.548752006557222671e+01,-7.444021531664166136e-02,-7.810803516426891024e-02,1.580259994262369072e-01,1.548204231662690056e+01
1.549303689008947948e+01,-7.370673814484833553e-02,-7.889548590111816750e-02,1.581190485632196496e-01,1.548752006557222671e+01
1.549859183095668769e+01,-7.298048809832868855e-02,-7.967609453361036709e-02,1.582115234991476882e-01,1.549303689008947948e+01
1.550418387542688592e+01,-7.226139396649922109e-02,-8.044992282088962721e-02,1.583033612575876770e-01,1.549859183095668769e+01
1.550981217259806577e+01,-7.154938524042411818e-02,-8.121703129305074542e-02,1.583947137046552989e-01,1.550418387542688592e+01
1.551547566046185800e+01,-7.084439210591469971e-02,-8.197748138014408770e-02,1.584853613498507230e-01,1.550981217259806577e+01
1.552117353525075316e+01,-7.014634543667545852e-02,-8.273133174424286695e-02,1.585755519698126559e-01,1.551547566046185800e+01
1.552690483949170286e+01,-6.945517678752971547e-02,-8.347864291081125154e-02,1.586651239392903590e-01,1.552117353525075316e+01
1.553265279473494509e+01,-6.877081838770801592e-02,-8.421947321640942119e-02,1.587382468473603481e-01,1.552690483949170286e+01
1.553844834717151002e+01,-6.809320313419996162e-02,-8.495372444198422135e-02,1.588424800127486158e-01,1.553265279473494509e+01
1.554427468001376056e+01,-6.742226458518238430e-02,-8.568176794955342790e-02,1.589303653769865710e-01,1.553844834717151002e+01
1.555013093424962101e+01,-6.675793695349235835e-02,-8.640350382646258542e-02,1.590176950158155578e-01,1.554427468001376056e+01
1.555601626430241424e+01,-6.610015510018829588e-02,-8.711898874760416744e-02,1.591044739005861575e-01,1.555013093424962101e+01
1.556192983732226764e+01,-6.544885452815517313e-02,-8.782827887842321879e-02,1.591907064264309613e-01,1.555601626430241424e+01
1.556787083382418402e+01,-6.480397137578677857e-02,-8.853142987425975663e-02,1.592763977519634222e-01,1.556192983732226764e+01
1.557383844610137835e+01,-6.416544241071704680e-02,-8.922849689289731601e-02,1.593615515808093352e-01,1.556787083382418402e+01
1.557983187980554085e+01,-6.353320502362691524e-02,-8.991953458512952357e-02,1.594461733129197145e-01,1.557383844610137835e+01
1.558585035331388369e+01,-6.290719722209937859e-02,-9.060459711646960679e-02,1.595302678469123769e-01,1.557983187980554085e+01
1.559189309762508735e+01,-6.228735762454232217e-02,-9.128373816699239529e-02,1.596138401027389631e-01,1.558585035331388369e+01
1.559795935625008312e+01,-6.167362545417572062e-02,-9.195701093632760448e-02,1.596968950154988576e-01,1.559189309762508735e+01
1.560404838569911590e+01,-6.106594053306209358e-02,-9.262446814854304045e-02,1.597794381306380240e-01,1.559795935625008312e+01
1.561015945439731745e+01,-6.046424327621485045e-02,-9.328616206284429113e-02,1.598614740372605314e-01,1.560404838569911590e+01
1.561629184420886318e+01,-5.986847468575493686e-02,-9.394214446873211388e-02,1.599430089660327514e-01,1.561015945439731745e+01
1.562244484816521073e+01,-5.927857634511574797e-02,-9.459246670680518387e-02,1.600240470082680833e-01,1.561629184420886318e+01
1.562861777250440731e+01,-5.869449041333107964e-02,-9.523717965210373726e-02,1.601045944046316782e-01,1.562244484816521073e+01
1.563480993525918628e+01,-5.811615961935018976e-02,-9.587633373987486385e-02,1.601846561140045921e-01,1.562861777250440731e+01
1.564102066685010151e+01,-5.754352725642993688e-02,-9.650997895727619902e-02,1.602642378046221783e-01,1.563480993525918628e+01
1.564724930932989366e+01,-5.697653717657178568e-02,-9.713816485478049545e-02,1.603433445111450972e-01,1.564102066685010151e+01
1.565349521689215173e+01,-5.641513378501648857e-02,-9.776094054423559165e-02,1.604219818915108842e-01,1.564724930932989366e+01
1.565975775593570241e+01,-5.585926203479544411e-02,-9.837835470932758397e-02,1.605001557876740981e-01,1.565349521689215173e+01
1.566603630362022770e+01,-5.530886742132615913e-02,-9.899045561161275153e-02,1.605778707174633502e-01,1.565975775593570241e+01
1.567233024956036758e+01,-5.476389597707801565e-02,-9.959729108163012379e-02,1.606551329988473720e-01,1.566603630362022770e+01
1.567863899433653607e+01,-5.422429426627357191e-02,-1.001989085408853813e-01,1.607319475833272615e-01,1.567233024956036758e+01
1.568496195013759476e+01,-5.369000937964582554e-02,-1.007953549924171660e-01,1.608083201731211886e-01,1.567863899433653607e+01
1.569129854102322952e+01,-5.316098892926492819e-02,-1.013866770323172961e-01,1.608842568472177992e-01,1.568496195013759476e+01
1.569764820081241652e+01,-5.263718104338349635e-02,-1.019729208574529505e-01,1.609597616900236561e-01,1.569129854102322952e+01
1.570401037410397826e+01,-5.211853436136414802e-02,-1.025541322497471597e-01,1.610348399026736155e-01,1.569764820081241652e+01
1.571038451778580125e+01,-5.160499802863243585e-02,-1.031303565912708026e-01,1.611094983017255788e-01,1.570401037410397826e+01
1.571677009793441471e+01,-5.109652169170342262e-02,-1.037016388840995701e-01,1.611837407244172404e-01,1.571038451778580125e+01
1.572316659198379973e+01,-5.059305549323377810e-02,-1.042680237247022162e-01,1.612575732673207918e-01,1.571677009793441471e+01
1.572957348736047756e+01,-5.009455006712968533e-02,-1.048295553301988037e-01,1.613310007740069718e-01,1.572316659198379973e+01
1.573599028175899051e+01,-4.960095653372764701e-02,-1.053862775297524784e-01,1.614040284619932542e-01,1.572957348736047756e+01
1.574241648314022868e+01,-4.911222649497273829e-02,-1.059382337720766037e-01,1.614766616482880834e-01,1.573599028175899051e+01
1.574885160886937996e+01,-4.862831202969682826e-02,-1.064854671301638245e-01,1.615489048890128010e-01,1.574241648314022868e+01
1.575529518681340413e+01,-4.814916568890612036e-02,-1.070280202974908529e-01,1.616207639304216015e-01,1.574885160886937996e+01
1.576174675427559002e+01,-4.767474049113556989e-02,-1.075659356034845970e-01,1.616922435568062255e-01,1.575529518681340413e+01
1.576820585777590900e+01,-4.720498991783982079e-02,-1.080992550076308178e-01,1.617633484257899601e-01,1.576174675427559002e+01
1.577467205356252578e+01,-4.673986790882469350e-02,-1.086280201018711838e-01,1.618340837973120672e-01,1.576820585777590900e+01
1.578114490670906989e+01,-4.627932885775076083e-02,-1.091522721201594187e-01,1.619044541244545055e-01,1.577467205356252578e+01
1.578762399168721231e+01,-4.582332760763687535e-02,-1.096720519340385891e-01,1.619744645198187005e-01,1.578114490670906989e+01
1.579410889130275031e+01,-4.537181944645353460e-02,-1.101874000627103972e-01,1.620441191247014023e-01,1.578762399168721231e+01
1.580059919871520435e+01,-4.492476010272212356e-02,-1.106983566669363928e-01,1.621134241821127198e-01,1.579410889130275031e+01
1.580709451318352521e+01,-4.448210574118534322e-02,-1.112049615732784158e-01,1.621823817827852954e-01,1.580059919871520435e+01
1.581359444472498055e+01,-4.404381295850645639e-02,-1.117072542364782040e-01,1.622509987364404993e-01,1.580709451318352521e+01
1.582009861070955736e+01,-4.360983877900577455e-02,-1.122052737896183511e-01,1.623192785532001359e-01,1.581359444472498055e+01
1.582660663708621485e+01,-4.318014065046323069e-02,-1.126990590147799176e-01,1.623872260419005897e-01,1.582009861070955736e+01
1.583311815734299266e+01,-4.275467643992519884e-02,-1.131886483592974835e-01,1.624548450560000523e-01,1.582660663708621485e+01
1.583963281291877223e+01,-4.233340442959176997e-02,-1.136740799296439286e-01,1.625221399350147422e-01,1.583311815734299266e+01
1.584615025407721411e+01,-4.191628331271675389e-02,-1.141553914995782765e-01,1.625891159707372191e-01,1.583963281291877223e+01
1.585267013714701889e+01,-4.150327218955425501e-02,-1.146326205228070105e-01,1.626557757821660288e-01,1.584615025407721411e+01
1.585919212702708236e+01,-4.109433056336286166e-02,-1.151058041098019236e-01,1.627221245532286809e-01,1.585267013714701889e+01
1.586586418115037134e+01,-4.068941833641408212e-02,-1.155749790564549184e-01,1.629364515161586813e-01,1.585919212702708236e+01
1.587238894356119090e+01,-4.028849580608120234e-02,-1.160416429252242587e-01,1.628549011421241699e-01,1.586586418115037134e+01
1.587891485094101718e+01,-3.989152366093163399e-02,-1.165029051084847805e-01,1.629203361492434499e-01,1.587238894356119090e+01
1.588544159639899789e+01,-3.949846297687927693e-02,-1.169602671123000925e-01,1.629854755471598082e-01,1.587891485094101718e+01
1.589196887994222429e+01,-3.910927521336834273e-02,-1.174137644533593261e-01,1.630503232099536348e-01,1.588544159639899789e+01
1.589849640914979467e+01,-3.872392220958676551e-02,-1.178634323365694847e-01,1.631148837537268748e-01,1.589196887994222429e+01
1.590502389734689892e+01,-3.834236618073637998e-02,-1.183093056654387215e-01,1.631791600432800082e-01,1.589849640914979467e+01
1.591155106410600695e+01,-3.796456971431747679e-02,-1.187514190277902809e-01,1.632431555012149316e-01,1.590502389734689892e+01
1.591807763567379297e+01,-3.759049576646551760e-02,-1.191898067043689474e-01,1.633068740386213469e-01,1.591155106410600695e+01
1.592460334515126519e+01,-3.722010765832125395e-02,-1.196245026766801084e-01,1.633703198124734912e-01,1.591807763567379297e+01
1.593114220468959985e+01,-3.685336907242374449e-02,-1.200555406323609436e-01,1.634477692431187956e-01,1.592460334515126519e+01
1.593766536476879914e+01,-3.649024404916519082e-02,-1.204830945960863875e-01,1.634964987244511558e-01,1.593114220468959985e+01
1.594420119625740462e+01,-3.613069698324918727e-02,-1.209069159119578324e-01,1.635734443838119667e-01,1.593766536476879914e+01
1.595072080945515935e+01,-3.577469262021248236e-02,-1.213273193793663607e-01,1.636216251973344193e-01,1.594420119625740462e+01
1.595723820270917059e+01,-3.542219605295692658e-02,-1.217440552483096128e-01,1.636836445552777575e-01,1.595072080945515935e+01
1.596375333718148504e+01,-3.507317271833688271e-02,-1.221572960109830602e-01,1.637456032016344765e-01,1.595723820270917059e+01
1.597026592390754907e+01,-3.472758839376528101e-02,-1.225670755072956059e-01,1.638072506271257833e-01,1.596375333718148504e+01
1.597677571766293703e+01,-3.438540919385400796e-02,-1.229734247753957316e-01,1.638686277246375889e-01,1.597026592390754907e+01
1.598328250101265802e+01,-3.404660156710082736e-02,-1.233763749505330798e-01,1.639297598673545298e-01,1.597677571766293703e+01
1.598978606260313207e+01,-3.371113229259076888e-02,-1.237759571111822776e-01,1.639906509942469226e-01,1.598328250101265802e+01
1.599628619561593013e+01,-3.337896847674660245e-02,-1.241722020684059430e-01,1.640513035579513890e-01,1.598978606260313207e+01
1.600278269825414057e+01,-3.305007755009372467e-02,-1.245651403538443891e-01,1.641117205421471492e-01,1.599628619561593013e+01
1.600927537295480008e+01,-3.272442726407716329e-02,-1.249548022277012782e-01,1.641719041924382394e-01,1.600278269825414057e+01
1.601576402758091078e+01,-3.240198568789381256e-02,-1.253412176741457718e-01,1.642318579881514307e-01,1.600927537295480008e+01
1.602224847405318542e+01,-3.208272120535852340e-02,-1.257244164161885058e-01,1.642915840938210525e-01,1.601576402758091078e+01
1.602872852950659421e+01,-3.176660251181388089e-02,-1.261044279052998818e-01,1.643510858705221900e-01,1.602224847405318542e+01
1.603520401419843466e+01,-3.145359861104926602e-02,-1.264812813358754118e-01,1.644103646387668760e-01,1.602872852950659421e+01
1.604167475383645325e+01,-3.114367881227158436e-02,-1.268550056276626092e-01,1.644694240779510375e-01,1.603520401419843466e+01
1.604814057815730877e+01,-3.083681272708701376e-02,-1.272256294517097874e-01,1.645282664996529365e-01,1.604167475383645325e+01
1.605460132052678546e+01,-3.053297026653104679e-02,-1.275931812193391024e-01,1.645868938553479710e-01,1.604814057815730877e+01
1.606105681841306421e+01,-3.023212163810827524e-02,-1.279576890811575940e-01,1.646453086055461867e-01,1.605460132052678546e+01
1.606750691326442038e+01,-2.993423734287704516e-02,-1.283191809346415635e-01,1.647035131288753229e-01,1.606105681841306421e+01
1.607395145058787733e+01,-2.963928817255829726e-02,-1.286776844258241126e-01,1.647615099218407431e-01,1.606750691326442038e+01
1.608039028018546546e+01,-2.934724520666511655e-02,-1.290332269529340103e-01,1.648193017571887575e-01,1.607395145058787733e+01
1.608682325444968342e+01,-2.905807980967467161e-02,-1.293858356715592850e-01,1.648768897454510329e-01,1.608039028018546546e+01
1.609325022970392638e+01,-2.877176362821539171e-02,-1.297355374806598294e-01,1.649342763631194142e-01,1.608682325444968342e+01
1.609967106653620661e+01,-2.848826858828546957e-02,-1.300823590385551121e-01,1.649914644591214119e-01,1.609325022970392638e+01
1.610608562794120502e+01,-2.820756689250866756e-02,-1.304263267689650674e-01,1.650484550664731709e-01,1.609967106653620661e+01
1.611249378075033789e+01,-2.792963101739729531e-02,-1.307674668454289202e-01,1.651052506719588864e-01,1.610608562794120502e+01
1.611889539536188209e+01,-2.765443371066392611e-02,-1.311058052080946168e-01,1.651618535303013002e-01,1.611249378075033789e+01
1.612529034488693824e+01,-2.738194798853900783e-02,-1.314413675637320644e-01,1.652182650773287298e-01,1.611889539536188209e+01
1.613167850645460888e+01,-2.711214713313593941e-02,-1.317741793799637462e-01,1.652744880807713868e-01,1.612529034488693824e+01
1.613805975931575531e+01,-2.684500468982333604e-02,-1.321042659007446718e-01,1.653305234517152278e-01,1.613167850645460888e+01
1.614443398644985805e+01,-2.658049446463246410e-02,-1.324316521302723593e-01,1.653863737290087177e-01,1.613805975931575531e+01
1.615080107303188228e+01,-2.631859052169217145e-02,-1.327563628513878657e-01,1.654420399551045917e-01,1.614443398644985805e+01
1.615716090796583160e+01,-2.605926718068122747e-02,-1.330784226130125314e-01,1.654975247276422590e-01,1.615080107303188228e+01
1.616351338260366788e+01,-2.580249901431706447e-02,-1.333978557477764892e-01,1.655528293999285749e-01,1.615716090796583160e+01
1.616985839114024870e+01,-2.554826084585171131e-02,-1.337146863618891846e-01,1.656079557443234651e-01,1.616351338260366788e+01
1.617619583052649546e+01,-2.529652774661604250e-02,-1.340289383414992597e-01,1.656629054743616325e-01,1.616985839114024870e+01
1.618252560029439735e+01,-2.504727503356568921e-02,-1.343406353542833109e-01,1.657176801557523615e-01,1.617619583052649546e+01
1.618884760192277028e+01,-2.480047826686297696e-02,-1.346498008501419985e-01,1.657722807453765046e-01,1.618252560029439735e+01
1.619516174032233380e+01,-2.455611324748679242e-02,-1.349564580573469341e-01,1.658267097043975291e-01,1.618884760192277028e+01
1.620146792305070704e+01,-2.431415601484841413e-02,-1.352606299995464112e-01,1.658809687427674762e-01,1.619516174032233380e+01
1.620776605920787361e+01,-2.407458284445306018e-02,-1.355623394903798518e-01,1.659350584920003813e-01,1.620146792305070704e+01
1.621405606098760899e+01,-2.383737024556820822e-02,-1.358616091249208457e-01,1.659889811502240631e-01,1.620776605920787361e+01
1.622033784207799911e+01,-2.360249495891906385e-02,-1.361584612972671360e-01,1.660427373465753753e-01,1.621405606098760899e+01
1.622661131953133307e+01,-2.336993395441277002e-02,-1.364529181870609564e-01,1.660963295948062468e-01,1.622033784207799911e+01
1.623287641164427342e+01,-2.313966442887495714e-02,-1.367450017801719875e-01,1.661497583219881669e-01,1.622661131953133307e+01
1.623913303949110087e+01,-2.291166380381928422e-02,-1.370347338500458589e-01,1.662030255006939627e-01,1.623287641164427342e+01
