4.062867187524999757e+00
4.012710915875969953e+00
3.963837800906747866e+00
3.916215633091731707e+00
3.869813009460091546e+00
3.824599316820850081e+00
3.780544709349391574e+00
3.737620092614978962e+00
3.695797106031843526e+00
3.655048104956537980e+00
3.615346143468773032e+00
3.576664812388595127e+00
3.538978556097532202e+00
3.502262532552961272e+00
3.466492380392423023e+00
3.431644455553070294e+00
3.397695684566640839e+00
3.364623575549770429e+00
3.332406212372357235e+00
3.301022239109406620e+00
3.270450845715085375e+00
3.240671803653341509e+00
3.211665301996302180e+00
3.183411949720173606e+00
3.155893117813316717e+00
3.129090520825325239e+00
3.102986338325356197e+00
3.077563185033640458e+00
3.052804148945626572e+00
3.028692733231000744e+00
3.005212859575058904e+00
2.982348857297488109e+00
2.960085452693970165e+00
2.938407759049134427e+00
2.917301266552444261e+00
2.896751832111674307e+00
2.876745670465366889e+00
2.857269344719960635e+00
2.838309757197895244e+00
2.819854140838140566e+00
2.801890050673495836e+00
2.784405355355246581e+00
2.767388505893503492e+00
2.750827419821190389e+00
2.734711137864484165e+00
2.719028703951595016e+00
2.703769439158037802e+00
2.688922932021039269e+00
2.674479032544796908e+00
2.660427845388615431e+00
2.646759723321561619e+00
2.633465260837812849e+00
2.620535287906793354e+00
2.607960864280620239e+00
2.595733273109948058e+00
2.583844015488051760e+00
2.572284804573545802e+00
2.561047561067217870e+00
2.550124406096440755e+00
2.539507658232706522e+00
2.529189826975708932e+00
2.519163607895711809e+00
2.509421878905206071e+00
2.499957694961185695e+00
2.490764283263117829e+00
2.481835039395258846e+00
2.473163522656451896e+00
2.464743452208433716e+00
2.456568702665397286e+00
2.448633299130655416e+00
2.440931413120033255e+00
2.433457370501315609e+00
2.426205627448785318e+00
2.419170778627846463e+00
2.412347555961179335e+00
2.405730804033503922e+00
2.399315533708640480e+00
2.393096820389284396e+00
2.387069924670480070e+00
2.381230180703749699e+00
2.375568894868237635e+00
2.370089974002423272e+00
2.364784920752981634e+00
2.359649522429255963e+00
2.354679669812695497e+00
2.349871354372369936e+00
2.345220665901449397e+00
2.340723789644551633e+00
2.336377004313588746e+00
2.332176679593281232e+00
2.328119273847036652e+00
2.324201331882584043e+00
2.320419482930571320e+00
2.316770438275638444e+00
2.313250989615681874e+00
2.309858006498334504e+00
2.306588434919896180e+00
2.303439295087899907e+00
2.300407679749315815e+00
2.297490752221167831e+00
2.294685744792875681e+00
2.291989957060413197e+00
2.289400753919084597e+00
2.286915564403467549e+00
2.284531879754617023e+00
2.282247252074141919e+00
2.280059292920734393e+00
2.277965671338972431e+00
2.275964112726711175e+00
2.274052397863637776e+00
2.272228360798020041e+00
2.270489888114429533e+00
2.268834917332531287e+00
2.267261435757803145e+00
2.265767479293437692e+00
2.264351131063597311e+00
2.263010520567413586e+00
2.261743822309990826e+00
2.260549254677985953e+00
2.259425079029881100e+00
2.258369598451936522e+00
2.257381156917514176e+00
2.256458138053627938e+00
2.255598964721163835e+00
2.254802097014122264e+00
2.254066032563170285e+00
2.253389304798430803e+00
2.252770482420038078e+00
2.252208168310041891e+00
2.251700998837318668e+00
2.251247643302129564e+00
2.250846802467958430e+00
2.250497208464043997e+00
2.250235769364930416e+00
2.249984890508764046e+00
2.249781634592550983e+00
2.249624850590964620e+00
2.249513414987944326e+00
2.249446231316787781e+00
2.249422229071487145e+00
2.249440363233376150e+00
2.249499613794512243e+00
2.249598985232677428e+00
2.249741204253172810e+00
2.249917915653644407e+00
2.250135612761522186e+00
2.250385959252221291e+00
2.250671764562543586e+00
2.250992217435595855e+00
2.251346460724306109e+00
2.251733667243887904e+00
2.252153035199218500e+00
2.252603782098336005e+00
2.253085143917345601e+00
2.253596374805951541e+00
2.254136746470634556e+00
2.254705548086134215e+00
2.255302085546826429e+00
2.255925681389279180e+00
2.256575673871741738e+00
2.257251417223550938e+00
2.257952280919030663e+00
2.258677649227579298e+00
2.259426921002387179e+00
2.260199509320897526e+00
2.260994841186504178e+00
2.261812357280199581e+00
2.262651511205452604e+00
2.263511769546624475e+00
2.264392611669464372e+00
2.265293528945873991e+00
2.266214024858895115e+00
2.267153614663487193e+00
2.268111824897447448e+00
2.269088193474924520e+00
2.270082268931287395e+00
2.271093610610046554e+00
2.272121788015834642e+00
2.273166380994745328e+00
2.274226979165865803e+00
2.275303181807582398e+00
2.276394597620165605e+00
2.277500844469706021e+00
2.278621549012715075e+00
2.279756346898461850e+00
2.280904882363738562e+00
2.282066807744123071e+00
2.283241783709700101e+00
2.284429478650923162e+00
2.285629569011196072e+00
2.286841738538971214e+00
2.288065678537854364e+00
