1.672478631066623977e-01
1.672478631066623977e-01
1.684235093981799325e-01
1.695986145532763778e-01
1.707722945222604483e-01
1.719437610020690121e-01
1.731121606714483563e-01
1.742767372967444772e-01
1.754367816258657897e-01
1.765916117918712724e-01
1.777405820056041363e-01
1.788788653283772678e-01
1.800112380498704590e-01
1.811391258470213539e-01
1.822575806126599252e-01
1.833690889238368538e-01
1.844722993497721897e-01
1.855666421809919475e-01
1.866518408971918341e-01
1.877276112320460655e-01
1.887936867528575424e-01
1.898514052482150327e-01
1.908973421403841464e-01
1.919284574632297291e-01
1.929532636232673959e-01
1.939672321293780255e-01
1.949701268845522584e-01
1.959611247657663258e-01
1.969410796715527490e-01
1.979093065480463376e-01
1.988656107195291289e-01
1.998098078005924039e-01
2.007417215300862923e-01
2.016611974794581541e-01
2.025680905056693737e-01
2.034622516257545977e-01
2.043435646822231444e-01
2.052119174107576716e-01
2.060672035136266733e-01
2.069093338629963974e-01
2.077382309602180677e-01
2.085538222795931540e-01
2.093663041517996315e-01
2.101448823550845779e-01
2.109202810033192210e-01
2.116821758181124391e-01
2.124306181798179816e-01
2.131655720275039412e-01
2.138870445510992757e-01
2.145950486325108875e-01
2.152896059491752889e-01
2.159707462683257972e-01
2.166385058923438744e-01
2.172929427186174045e-01
2.179341029809722941e-01
2.185620509129939382e-01
2.191768461493488751e-01
2.197785909953678674e-01
2.203673222317326374e-01
2.209431685570684700e-01
2.215062053257243202e-01
2.220565143247477113e-01
2.225942238205081691e-01
2.231194406610675918e-01
2.236322646581963280e-01
2.241328216488522596e-01
2.246212258497337355e-01
2.250976081557346520e-01
2.255620887779962447e-01
2.260147497790750415e-01
2.264556664584380929e-01
2.268853974198441759e-01
2.273036672788552037e-01
2.277106838054646365e-01
2.281067499320905134e-01
2.284912919468852222e-01
2.288660952952545069e-01
2.292288608791965554e-01
2.295824286721554752e-01
2.299251286655145110e-01
2.300840206835129131e-01
2.305809041972057272e-01
2.308935212695100436e-01
2.311963984166599539e-01
2.314896949924108160e-01
2.317735624999982535e-01
2.320481592892343070e-01
2.323136262749584402e-01
2.325701214847449849e-01
2.328177958985277463e-01
2.330567992166569236e-01
2.332872797987800839e-01
2.335093911480812801e-01
2.337232747974240243e-01
2.339290886950768367e-01
2.341269658999538816e-01
2.343170614739166491e-01
2.344995149404511814e-01
2.346744720830763464e-01
2.348420702875029242e-01
2.350024522708912267e-01
2.351557612462450708e-01
2.353021245620619539e-01
2.354416877405444142e-01
2.355745799524693873e-01
2.357009371317221325e-01
2.358208978393382393e-01
2.359345775730713468e-01
2.360421026869254923e-01
2.361436156426238164e-01
2.362392251633183837e-01
2.363290632188773666e-01
2.364132468179740709e-01
2.364918957430443835e-01
2.365651295507939234e-01
2.366330582932412718e-01
2.366958036576652935e-01
2.367534756335142598e-01
2.368061816470081737e-01
2.368540344356903637e-01
2.368971368159313307e-01
2.369355975729908470e-01
2.369695138500788889e-01
2.369990043134922453e-01
2.370241417001595075e-01
2.370450486402776447e-01
2.370618109706673637e-01
2.370745275208069602e-01
2.370832857749045897e-01
2.370881774613468052e-01
2.370893034935891708e-01
2.370867350234924231e-01
2.370805698865937616e-01
2.386579706937986267e-01
2.370521585678402043e-01
2.370357079253212762e-01
2.370159852359832453e-01
2.369930695899740425e-01
2.369670471160728875e-01
2.369379842730333363e-01
2.369059527322589509e-01
2.368710285723219233e-01
2.368332896358205653e-01
2.369449397119635647e-01
2.367490623602390987e-01
2.368555688125930925e-01
2.366543783791351385e-01
2.366023860558165159e-01
2.365500327347709042e-01
2.364946594652505840e-01
2.364367360608185253e-01
2.363765619113059047e-01
2.363142052580802510e-01
2.362497177851502206e-01
2.361831562277832974e-01
2.361145688479301119e-01
2.360440164430968601e-01
2.359715451815355691e-01
2.358972133855170294e-01
2.358210571012599732e-01
2.357431369409896671e-01
2.356634983480089263e-01
2.355821824400412545e-01
2.354992352503812447e-01
2.354147014217569944e-01
2.353286263327436789e-01
2.352410577601701247e-01
2.351520253872016741e-01
2.350615729756404260e-01
2.349697477139940649e-01
2.348765771029582283e-01
2.347821036540575779e-01
2.346863669458619794e-01
2.345893974795039416e-01
2.344912394288244106e-01
2.343919169224917831e-01
2.342914709369890713e-01
2.341899262436119844e-01
2.340873236767362364e-01
2.339836905268899148e-01
2.338790581732609619e-01
2.337734570169254789e-01
2.336669155583772917e-01
2.335594555847489984e-01
2.334511144070217092e-01
2.333419210309710945e-01
2.332318928295308291e-01
2.331210633848624925e-01
2.330094494651929748e-01
2.328970873695291877e-01
2.327839911478507273e-01
2.326701908511490113e-01
