6.770671682900567534e-01
8.268182698706376677e-01
7.913027101974825506e-01
8.615910144949811000e-01
1.000994849538058507e+00
1.159619059031980814e+00
1.273602103946561037e+00
1.174737702611553081e+00
1.090073655142705711e+00
9.219606911712797670e-01
8.437500239577808703e-01
7.071766487312536320e-01
6.529499002498808657e-01
6.666547588360178800e-01
7.507729738791806273e-01
8.816058740443518671e-01
1.061439003377510293e+00
1.227402942935634345e+00
1.250789081137628989e+00
1.180983362422431071e+00
1.184773674788527131e+00
1.064056690232665359e+00
9.775397654579135454e-01
8.399962270949508092e-01
7.576554853665432576e-01
7.001067928913429217e-01
6.288348810278452383e-01
6.714249569378943905e-01
7.088202618733823179e-01
7.051688431056084561e-01
6.332412096434312243e-01
5.293129167648983335e-01
4.469216070368629001e-01
4.111774180079431074e-01
3.692925411780549894e-01
3.537159417285265506e-01
3.711974965215213973e-01
3.937417158069310696e-01
4.277343260667900715e-01
4.549180916342484005e-01
4.602041598839258230e-01
5.775320199976906599e-01
3.092081055484695029e-01
2.799114576090616646e-01
3.181442263746479537e-01
3.226148041342371542e-01
2.879134403502165984e-01
2.422578934409805040e-01
2.254892418229225703e-01
2.143172060748730900e-01
1.904430930383401166e-01
1.768040224501813140e-01
1.767291464239447718e-01
1.842526519731677581e-01
1.861290481141960051e-01
1.942449982406195819e-01
2.030131485374390976e-01
2.444034132407756355e-01
3.103480476218764550e-01
3.625508605157264364e-01
3.705524491465649883e-01
3.828427404878639306e-01
3.763899709451981601e-01
3.222790091195080198e-01
2.798221995202106460e-01
2.653273114648373454e-01
2.772901731095076538e-01
3.401894149483097873e-01
4.175439081599429114e-01
4.566643978397118553e-01
5.100457551118871002e-01
4.107246547017240901e-01
3.420520284424022894e-01
2.945224426552988661e-01
2.684330450718264149e-01
2.684470837503424856e-01
1.920650210973895433e-01
1.396195147701953243e-01
1.254019353490886390e-01
1.291854517434490590e-01
1.539535829552481916e-01
1.628339567707201563e-01
1.631308384283033930e-01
1.797581549334423823e-01
1.951699725925288287e-01
2.137687021939612964e-01
2.098666121588260158e-01
1.787506464494189040e-01
1.961445922238515827e-01
2.298246557713381766e-01
2.741853207575124518e-01
2.946071671324101415e-01
2.986988610089821305e-01
3.188671707671384969e-01
2.763863426426553804e-01
2.436907936866719027e-01
2.299870135660862236e-01
2.623305389427806333e-01
2.959501866609193232e-01
2.981502524331470227e-01
5.411294579287591056e-01
5.278808289343571714e-01
5.284348713922261132e-01
5.605986894662837727e-01
5.921557019811504174e-01
5.813049985999293456e-01
5.248229553345077347e-01
4.455012867505679375e-01
3.910105383602212603e-01
3.562995542344318811e-01
3.256201878318125686e-01
3.037280670070138244e-01
3.204183517068549536e-01
3.498610526667695897e-01
3.930044290415635189e-01
4.522709789370338296e-01
5.087478705449232086e-01
5.013271980769571368e-01
4.824836238749655171e-01
4.324037674963375766e-01
4.060865078300792130e-01
4.089456018958657624e-01
3.858897426928567520e-01
3.638872741300113733e-01
3.543932699324549018e-01
3.492789521353547033e-01
3.905397447994960469e-01
4.342642595117821025e-01
4.502911108204805113e-01
4.244934183382946813e-01
3.727450645793705108e-01
3.285084495166105678e-01
2.966370337654978262e-01
2.909322848502968739e-01
3.012519106462844820e-01
2.977988621551878046e-01
2.974882129413858878e-01
2.992971302575594961e-01
3.141006922731346962e-01
3.587772720137638038e-01
4.679421360005564523e-01
5.687964157785400099e-01
1.646114994271259124e-01
1.766116300908977532e-01
1.825781624882381327e-01
1.803366493632545531e-01
1.655818462422762316e-01
1.512890137162395121e-01
1.480286523934778720e-01
1.392155170079043547e-01
1.332469524860799004e-01
1.369226537984796210e-01
1.392902074672396628e-01
1.486103343193306559e-01
1.526726376430568299e-01
1.645840264091252281e-01
1.878305852382609609e-01
2.205211093630833064e-01
2.537281517602234526e-01
2.743001404119174147e-01
2.873528554896841447e-01
2.827640913986226856e-01
2.556011039209846736e-01
2.112978884540203661e-01
1.609294480463939747e-01
1.891149118440748622e-01
2.165514396460447855e-01
2.575130063712181006e-01
2.789534435853796013e-01
2.561093308773432220e-01
2.092604939024743371e-01
1.772195961037842660e-01
1.626928261048166680e-01
1.656420354465240330e-01
1.373011544754825231e-01
9.545341464928505659e-02
7.247429313290935926e-02
6.828874679334438758e-02
7.528752796883966814e-02
9.008054303585472100e-02
1.078583711515690852e-01
1.294898539321182040e-01
1.591961124739369460e-01
1.913347724034280550e-01
2.015118541495448112e-01
2.013985310598823686e-01
2.079567803838429374e-01
2.088552767673220734e-01
2.086781450507997349e-01
2.052918213911577028e-01
2.019406295849050237e-01
1.998138104875860077e-01
1.970878123061867992e-01
1.842414819171913354e-01
1.805287330816438551e-01
1.929976833225234556e-01
1.889360954411215543e-01
1.804680522446962254e-01
1.688990216173043568e-01
1.565968223201650300e-01
1.442082566142571243e-01
3.359124468076743475e-01
3.777815657488861056e-01
3.667358678588911181e-01
3.545934827447450588e-01
3.384274072942883849e-01
3.237593222796338877e-01
3.164635339627392963e-01
2.883372888060173334e-01
2.416423428259471817e-01
2.265614882929912199e-01
2.368568984390034549e-01
2.526784541718509747e-01
2.740651625130278157e-01
2.799016457547891523e-01
2.674440759104612098e-01
2.546657223769598910e-01
2.498172435877043518e-01
2.478001272964560353e-01
2.653160451897463301e-01
2.924204240599408977e-01
2.683944354969792778e-01
2.610359836163705372e-01
2.692043030695845940e-01
2.796721486123658895e-01
2.818050196383294903e-01
2.753183743487035984e-01
2.616394116778713030e-01
2.364003141392830853e-01
2.206403748167446999e-01
2.155667414208636279e-01
2.150586171265512769e-01
2.152057547622473477e-01
2.170867918868375490e-01
2.268278869730714353e-01
2.487144364400479535e-01
2.971378424326946988e-01
3.808878743285529778e-01
4.425751589617502035e-01
4.173314843262621587e-01
2.914263553293856557e-01
2.802255597385480135e-01
1.375838945990407458e-01
1.478218440119917210e-01
1.571880742470285197e-01
1.862766042820331036e-01
2.101899509822539869e-01
2.107066880821761024e-01
1.855005567432523594e-01
1.603533205139069662e-01
1.476224734776136749e-01
1.252927299102467584e-01
1.091744219962626078e-01
9.720354331250943836e-02
9.209928113629650692e-02
9.945428835655162336e-02
1.173448733548458356e-01
1.390993737257822660e-01
1.509062517223479227e-01
1.674066922653934530e-01
1.936724807213668909e-01
2.131487048766173009e-01
2.231192414194814733e-01
2.264523683676413213e-01
2.149668748321729994e-01
2.088190867791383243e-01
2.035724528557677493e-01
1.954779411489747654e-01
1.926620163759960591e-01
1.942769375315257507e-01
1.949011463970369007e-01
1.968003212215711784e-01
2.049503630031934420e-01
2.019502069664933230e-01
1.929153984181477821e-01
1.857513068993561500e-01
1.836992993371145688e-01
1.860662795196464381e-01
1.850337142925196354e-01
1.831262453323001527e-01
1.735662059529659018e-01
1.583652146121558024e-01
1.534353837310259427e-01
1.545606532521520138e-01
1.532895380749148551e-01
1.599502740648976185e-01
1.708763797793544092e-01
1.725883877752290019e-01
1.719703425455454404e-01
1.736973149729437726e-01
1.873684140710351054e-01
2.096458443007851724e-01
2.358933908251542588e-01
2.498940479561085892e-01
2.575348131713123268e-01
2.529112809127349037e-01
2.273300468050313550e-01
1.933829846035681477e-01
1.657218270681672101e-01
1.516142607935666575e-01
1.469178037875785436e-01
1.389125897045756786e-01
1.429959787627254342e-01
1.384778815915305439e-01
1.362423576233166012e-01
2.558896172094338173e-01
2.546360458034800378e-01
2.508941083057406596e-01
2.380565362505808469e-01
2.341545977840134019e-01
2.339985667571277961e-01
2.328668690642317074e-01
2.284039738242853446e-01
2.196152174639191823e-01
2.102395721436823295e-01
2.015621428902596435e-01
1.986904886099896961e-01
2.030323632540698420e-01
2.107579936458997549e-01
2.173183636822674236e-01
2.383270642248583870e-01
2.661116881716841798e-01
2.999843127349601790e-01
3.235437235506508080e-01
3.186780216350219019e-01
2.714765153713475931e-01
2.767838443342321431e-01
2.784861028662609650e-01
2.852894455284709085e-01
2.941303694339604813e-01
2.983173671952790151e-01
2.884361797587857157e-01
2.655606060976152816e-01
2.273359498828656511e-01
2.016885640721214346e-01
2.006001982148723217e-01
2.124612665579297954e-01
2.267583979691941420e-01
2.291124029291832231e-01
2.208559838781503082e-01
2.182961010999960316e-01
2.228541401805320676e-01
2.261042233560313641e-01
2.396621172504552755e-01
2.631285222014427827e-01
2.723967241835409392e-01
2.785823819613713059e-01
2.639300350417777552e-01
2.421809076706241404e-01
2.427506293635721402e-01
2.120015601949911677e-01
2.057515347546659268e-01
1.942943141480567570e-01
1.501627021369329462e-01
1.743487862213982942e-01
1.833049237167595769e-01
1.693521284022401208e-01
1.509803541353272882e-01
1.380601454978249432e-01
1.296373152941077411e-01
1.246673717422270844e-01
1.261864117290786291e-01
1.219063481478617900e-01
1.210403793381646248e-01
1.164767934854271381e-01
1.141604329737102297e-01
1.146322220518617568e-01
1.210566449721895421e-01
1.401643829691989196e-01
1.648223246820710308e-01
1.620203163918290112e-01
1.681567629150302612e-01
1.948918272154854803e-01
2.214134380554056147e-01
2.352614540464591786e-01
2.301838359581410420e-01
2.183137534338089325e-01
2.157926677052251774e-01
2.075588137159801172e-01
2.034452198143562041e-01
2.056370028668133565e-01
2.069489559602633866e-01
2.038046333784071240e-01
2.037148422375517076e-01
2.120776928072930778e-01
2.088029270285923222e-01
2.010732724815678663e-01
1.987406892599693498e-01
2.015334690689604691e-01
2.134869136269677559e-01
2.207034826001113281e-01
2.188952966940036493e-01
2.052907821261270582e-01
1.859294673252516739e-01
1.763875187491599494e-01
1.758826009276605318e-01
1.791801705604837425e-01
1.816920245109465981e-01
1.832373622163069038e-01
1.820745695735734582e-01
1.786600982642569113e-01
1.726146736380162749e-01
1.787667938215695973e-01
2.251353737463135107e-01
2.381517884100138871e-01
2.453215425650409065e-01
2.338164084665736719e-01
2.142150571180893859e-01
1.930054547831052403e-01
1.770937170502635827e-01
1.651062437726096011e-01
1.558271140184300796e-01
1.518459251714597003e-01
1.470597720301565492e-01
1.357977700690117251e-01
1.313357117501576798e-01
1.476584269561498908e-01
1.567100831183158294e-01
1.545126473231695219e-01
1.422851035838546274e-01
1.651748860236256777e-01
1.612670675802364562e-01
1.592734934018073534e-01
1.556481801711998014e-01
1.467331006730099030e-01
1.314524196639562104e-01
1.265361265967185067e-01
1.361781529295548188e-01
1.488191145802912896e-01
1.491027029778259627e-01
1.400855667709579588e-01
2.046555443273286035e-01
1.875834798430761063e-01
2.367711129734463293e-01
2.324890198102542993e-01
2.252616970790970174e-01
2.194964482702233266e-01
2.205953292886399797e-01
2.249065994205532715e-01
2.266017362130014201e-01
2.248430755894792188e-01
2.151876012265525329e-01
2.073556666743270327e-01
2.069089704699944576e-01
2.103366430220821315e-01
2.260339425851469186e-01
2.239600183655608701e-01
2.103755793329973589e-01
2.080349602979151002e-01
2.023286609930082525e-01
2.068691544506570390e-01
2.144288290598894975e-01
2.239824246039020528e-01
2.326277914126625435e-01
2.452406947481188815e-01
2.501831550920139979e-01
2.356871487198584358e-01
2.137087029488317913e-01
1.995752556759052831e-01
1.905419211232421139e-01
1.956691509682241537e-01
2.179740593142731053e-01
2.272355546717374775e-01
2.319572602899102887e-01
2.419034232818246533e-01
2.538008449052425730e-01
2.711622556469046041e-01
2.879664478537833361e-01
2.858633173547182049e-01
2.601879166203426852e-01
2.292868709927325666e-01
2.019469560830799149e-01
2.050419570138267422e-01
2.162486539654710771e-01
2.157415112382436717e-01
2.093750218506438554e-01
2.052337164527864299e-01
2.075761001243605630e-01
2.107312637659446708e-01
2.185235205702248107e-01
2.315296181651384233e-01
2.524420178493021472e-01
2.854490352821601462e-01
2.687283400800594690e-01
2.397813187567823523e-01
2.388961802326813599e-01
2.277231770564420166e-01
1.934528192677747449e-01
1.900341502473250344e-01
1.220661390328434404e-01
1.188345878663885080e-01
1.195727267466172167e-01
1.222170074728357037e-01
1.240416399357273658e-01
1.258574738583935204e-01
1.199099547100403312e-01
1.204301340462340802e-01
1.240189965801261063e-01
1.306462380817022262e-01
1.475784929038849169e-01
1.619370827424627679e-01
1.562135140211083906e-01
1.617078061712391712e-01
1.914352633926771630e-01
2.242632266609805580e-01
2.416274400135821621e-01
2.318616640955505348e-01
2.172806913507460136e-01
2.133104364511010376e-01
2.125803894011018547e-01
2.115673021249060426e-01
2.110205436748256724e-01
2.127345071157988876e-01
2.064602148315433927e-01
2.017574475022992364e-01
2.039969168810865929e-01
1.998098830022332906e-01
2.020170138648536007e-01
2.119651558469701769e-01
2.287427062728231986e-01
2.385997264283363783e-01
2.360493782636664262e-01
2.222858659566213646e-01
2.070176017691148229e-01
2.006900566369152206e-01
2.008719326032514241e-01
2.003128981400182362e-01
1.959120556994679851e-01
1.886173006177584710e-01
1.815399947014059157e-01
1.752269230405499867e-01
1.684216508013385016e-01
1.700725302281563822e-01
1.748658357404991870e-01
1.778111939036358669e-01
1.913652483496829371e-01
2.062979522815183986e-01
2.165491960243730030e-01
2.259173145271493321e-01
2.379054858750020984e-01
2.279168221119268756e-01
2.029570389487121707e-01
1.865153196344195297e-01
1.948934830436128696e-01
1.869342782678252435e-01
1.270734536188375952e-01
1.220994718842057236e-01
1.179579026916650342e-01
1.137341900807361667e-01
1.139871579177923061e-01
1.202170408909445237e-01
1.227760037962829648e-01
1.182775071738169648e-01
1.182300287192154797e-01
1.180332823526387132e-01
1.216017661075568940e-01
1.275168400897902232e-01
1.426926173733022163e-01
1.519739543881083454e-01
1.428194452772302003e-01
1.513589111943962062e-01
1.801498019721644861e-01
2.212372317026098656e-01
2.425018162644784758e-01
2.279187514279016613e-01
2.152222962179032584e-01
2.118196103237671712e-01
2.100962314045461410e-01
2.036689650296839293e-01
2.078220493920224787e-01
2.075407785022387597e-01
2.004055172037041976e-01
1.889143824466932575e-01
1.842103635215042445e-01
1.749898018704410807e-01
1.724552507622522934e-01
1.707481756011923202e-01
1.793169931779570181e-01
1.890935664426561802e-01
2.016750602960233063e-01
2.144193035450152052e-01
2.309001895511320901e-01
2.410254250207217730e-01
2.398103856849693460e-01
2.329675652547494591e-01
2.245121252315984417e-01
2.198036101816548404e-01
2.154918486443010983e-01
2.105405368215366446e-01
2.012204776236903303e-01
1.897237165099497358e-01
1.791697576613161536e-01
1.698301864341441592e-01
1.649115187975086494e-01
1.667446074667069122e-01
1.693169670609457611e-01
1.718598324355766760e-01
1.822289603275767944e-01
1.910412621051004456e-01
2.125782169233903784e-01
2.149180772728670474e-01
2.204280843168694437e-01
2.274017513843329397e-01
2.159192257620047295e-01
1.908271051125103868e-01
1.717157593598144516e-01
2.214249361976041997e-01
2.187004199571135621e-01
2.144561522310587942e-01
2.085338222817473830e-01
2.092482243824634880e-01
2.156192704349827738e-01
2.242368054034503677e-01
2.305165461000405758e-01
2.298541017103293838e-01
2.232643893700383964e-01
2.171525400256242300e-01
2.192036147188348161e-01
2.289634136395686248e-01
2.332949886454809829e-01
2.258156940690871639e-01
2.203760539657751705e-01
2.207975723376399413e-01
2.041823427744284825e-01
1.948239749298175949e-01
1.925925654868639869e-01
1.942316965926310646e-01
2.011088018188253446e-01
2.085156983937326292e-01
2.074994296948493855e-01
2.071981446327904319e-01
1.976272049590760971e-01
1.879209343409080080e-01
1.780882854594022235e-01
1.765037001657925320e-01
1.842050967771986791e-01
1.970734470155208751e-01
2.098025727647444827e-01
2.206601353266543497e-01
2.286810079521404970e-01
2.375656724977809331e-01
2.573838213776211692e-01
2.863416913801429819e-01
2.928000559189768426e-01
2.632766765874274828e-01
2.273391000507752613e-01
2.028723166024746782e-01
1.785989189905887453e-01
1.599811810055162264e-01
1.771010967637905165e-01
2.003396740472529747e-01
2.125498847725657281e-01
2.188341137745651865e-01
2.213098449788288291e-01
2.109884362613751729e-01
2.025410180950360239e-01
2.014870378787963212e-01
1.995197026952489905e-01
1.969295755502158130e-01
2.068456333509847977e-01
2.283699186955275295e-01
2.368022024524435998e-01
2.437911473045596689e-01
2.251284377658154812e-01
2.045652556729388172e-01
2.149814853262210779e-01
2.128826938155923831e-01
2.098320371576632704e-01
1.152683219813214061e-01
1.185520095246151845e-01
1.162011027452499595e-01
1.169690414206639578e-01
1.197745351947244324e-01
1.257026403099432421e-01
1.372528833724150354e-01
1.515985793884307709e-01
1.465767681898939578e-01
1.493891360317238515e-01
2.134611041275742138e-01
2.341238283274527654e-01
2.191280355354484621e-01
2.099794547040323700e-01
2.048994025124264151e-01
1.953230118395503367e-01
1.945566164622537508e-01
1.958316210425616322e-01
1.931264317327155422e-01
1.830931080973757508e-01
1.767734253441645975e-01
1.696363124013976209e-01
1.711553243523151191e-01
1.653913018981776339e-01
1.684263864104231512e-01
1.707883234496193892e-01
1.723319755657072017e-01
1.783126604063818288e-01
1.889531019028883874e-01
1.995252046307149085e-01
2.140501104083533390e-01
2.276176954138944275e-01
2.378240540715220452e-01
2.399602670955132688e-01
2.393562823848365551e-01
2.333518245891169074e-01
2.226770889478120463e-01
2.156302513452959813e-01
2.039676230699769000e-01
1.911646459212231197e-01
1.797999572492789688e-01
1.690381428199887182e-01
1.649009410156158373e-01
1.767593643182045482e-01
1.672478631066623977e-01
1.677721234955015517e-01
1.693190788106985201e-01
1.749508409243430151e-01
1.863392973238345851e-01
2.042229841967583837e-01
2.057113324271656885e-01
2.094647543925652333e-01
2.073601106937320859e-01
2.051154042637862163e-01
1.981339568139762752e-01
1.958540822701568540e-01
2.025026772154820409e-01
2.129344386391235355e-01
2.257872599493456200e-01
2.427004318822481854e-01
2.421894778877959065e-01
2.290926369815277364e-01
2.255396225468058458e-01
2.337414321167616271e-01
2.408492050992419586e-01
2.369538904008572366e-01
2.272239761725947105e-01
2.189224386249763454e-01
2.020683934109273050e-01
1.887151433679701007e-01
1.828979569826923168e-01
1.782082821663007743e-01
1.841886115736013074e-01
1.837102788213848259e-01
1.780252117353510188e-01
1.729773897803530136e-01
1.656039481579488493e-01
1.676843480865903568e-01
1.668254006766347330e-01
1.668168454361802222e-01
1.759452886207081568e-01
1.871470820534247292e-01
2.017227142791040428e-01
2.137513208618123939e-01
2.199528358505253023e-01
2.251966272146177228e-01
2.394724833755000892e-01
2.665373083010915134e-01
2.816625331540640875e-01
2.546388796998841353e-01
2.157543100245002399e-01
1.885414904162534822e-01
1.665403891896197752e-01
1.468326392503692679e-01
1.345939592038943589e-01
1.512114562741661283e-01
1.702079601227167727e-01
1.884714217769680455e-01
2.146353048919817652e-01
2.236369040836889976e-01
2.177881916451027133e-01
2.125965892003960078e-01
2.019117633481316565e-01
1.936531158008955311e-01
1.860049261586096125e-01
1.816061725444834407e-01
1.881691856908825344e-01
1.959011822820404813e-01
2.050893713365063986e-01
2.093207686101725973e-01
2.141736882903513828e-01
2.042169520171084329e-01
1.973173778300472136e-01
2.010212434205472520e-01
1.782968085249235779e-01
1.673538999482378498e-01
1.637145151430788315e-01
1.568615544457628574e-01
1.705795072959183090e-01
1.499183772993311348e-01
1.427251049286030193e-01
1.315162458976510129e-01
1.281608979796061698e-01
1.283183579673120578e-01
1.442697782516643434e-01
1.465178629441256652e-01
1.370484755129627030e-01
1.315473574790776701e-01
1.243572150540911553e-01
1.209268681450148542e-01
1.135822306741808702e-01
1.093275407434331492e-01
1.122615243105195559e-01
1.997839908263374098e-01
1.947620412361427411e-01
1.882004424906368878e-01
1.852679063022885930e-01
1.913275947549778755e-01
2.021802295724162424e-01
2.183453605148762133e-01
2.447217277562831750e-01
2.561999175113263139e-01
2.397620216182258235e-01
2.379886139508264054e-01
2.405182130990495548e-01
2.448902366117334806e-01
2.198486094021074311e-01
2.137221328450523428e-01
2.053169284342198087e-01
1.949270130604923434e-01
1.883408943121124557e-01
1.779615113968674445e-01
1.724938837355183829e-01
1.705267756691731251e-01
1.681299343817528880e-01
1.625848725906155756e-01
1.552251638301093695e-01
1.635793738564605693e-01
1.618905437057855390e-01
1.642498960929011931e-01
1.725779728538608393e-01
1.856642788333507932e-01
2.021833329248422240e-01
2.158174264679971477e-01
2.170489071743171849e-01
2.082360229372302862e-01
2.339548262623836195e-01
2.441464448342119953e-01
2.304236915517861028e-01
1.966199448376612924e-01
1.722565126038797245e-01
1.550013949866705931e-01
1.356666598106724964e-01
1.234875927903060222e-01
1.194297901907306059e-01
2.151837606843063633e-01
1.597333563351602814e-01
1.626443879341285537e-01
2.201450640429786498e-01
2.209535761155351774e-01
2.111651543326904246e-01
2.147490936931057970e-01
2.124656067698948436e-01
1.959173683493562745e-01
1.800728906727352696e-01
1.674998343669958090e-01
1.666020127756039915e-01
1.752433662816254012e-01
1.117260107383095946e-01
1.183762277712797073e-01
1.200722140388649634e-01
1.235575834566868120e-01
1.304263506384971405e-01
1.408777256809780887e-01
1.534750828627964581e-01
1.580557992891142571e-01
1.632465729254476972e-01
1.791911835056431146e-01
1.926231884142839135e-01
1.861266350718679685e-01
1.865665710421947343e-01
2.120452951524158247e-01
2.223388863499067558e-01
2.088899001910773934e-01
1.962092418122709514e-01
1.866789401138172488e-01
1.835188432946526782e-01
1.870130486397093839e-01
1.844288222015765255e-01
1.805428778561346537e-01
1.763711232937951734e-01
1.706937068613790520e-01
1.680345468199218040e-01
1.669688409255416506e-01
1.682997159642952434e-01
1.678658235115960129e-01
1.691715941510800181e-01
1.695657972610737085e-01
1.752375867841071688e-01
1.834118657003696584e-01
1.889050646484965734e-01
1.967522791585545328e-01
2.090592283716430355e-01
2.233809904663641710e-01
2.317447951231647041e-01
1.748767121673630853e-01
1.389603860595588769e-01
1.297295346013998540e-01
1.320418029936565596e-01
1.294761771116664795e-01
1.452688242911139016e-01
1.623520063094699706e-01
1.760499575388984050e-01
1.868008283520237456e-01
1.986412372327354126e-01
1.976005022722789606e-01
1.855992942493326359e-01
1.868272141366327799e-01
1.821586089626489879e-01
2.342943240168436914e-01
2.335615059415663275e-01
2.309299575317497466e-01
2.241112833221270695e-01
2.187429933289999073e-01
2.237574179875055358e-01
2.382171276197184162e-01
2.414654330748100541e-01
2.260008663341348256e-01
2.121278651571113782e-01
1.962372456715383295e-01
1.818903752036134802e-01
1.711775468746249418e-01
1.780713210475612096e-01
1.666426297019830971e-01
1.709726474708675170e-01
1.725702202935109897e-01
1.745553452722070908e-01
1.811275608026172990e-01
2.028228551551994330e-01
2.041151843616521577e-01
2.083528118035138377e-01
2.047839542699891879e-01
1.837728182609646710e-01
1.944662352802651872e-01
1.523927595303526394e-01
1.408257532320664196e-01
1.339186223681062549e-01
1.410876575872969385e-01
1.363932013988992109e-01
1.139898999866829493e-01
1.099216478393033325e-01
2.097697693378188233e-01
2.145755396418854433e-01
2.141931955727212067e-01
1.954099666915876388e-01
1.817861363228558680e-01
1.740079677531625457e-01
1.807483961217836999e-01
1.794622411655366623e-01
1.781702653466471775e-01
1.767081325468479180e-01
1.731507382867216172e-01
1.681153748735727538e-01
1.645616487981764464e-01
1.797290985756392345e-01
1.874562054126648891e-01
1.917071293301598200e-01
2.023577248509682014e-01
1.168608827869625361e-01
1.234256933802849177e-01
1.310494036142072771e-01
1.398729442141975199e-01
1.506949924171094302e-01
1.635979361726421499e-01
1.739641242966733503e-01
1.764835374472358276e-01
1.927968720884115639e-01
1.916178945706517311e-01
2.057060840577291105e-01
2.090421549677442536e-01
1.989618808986807208e-01
1.754911474510131297e-01
1.561676067878593754e-01
1.420064976658060585e-01
1.295404356184136907e-01
1.157997852953046025e-01
1.875526808070966944e-01
2.321353007129114965e-01
2.181503569558813083e-01
2.002988018839430007e-01
1.822051858370183908e-01
1.809374913526298201e-01
1.747096505047271986e-01
1.643750156036165033e-01
1.630325028159731182e-01
1.575602859874356831e-01
1.564519038270812956e-01
1.613074589790602087e-01
1.680862698149759582e-01
1.684744619678121280e-01
1.703132655537100970e-01
1.700107802081606834e-01
1.683227170834100950e-01
1.661523796792273855e-01
1.738722371183064330e-01
2.370018998130122012e-01
2.399300875842773628e-01
2.354773075574587982e-01
2.305727177205422196e-01
2.479521804796765982e-01
1.971849830892859479e-01
1.894513778696942652e-01
1.833924808021646646e-01
2.567333411536554810e-01
2.474663371631181663e-01
1.897742051498294003e-01
1.776823743582468529e-01
1.760861053607033488e-01
1.786946905490310600e-01
1.834579435495340138e-01
2.097871288919717081e-01
1.929880235970245772e-01
1.437411378985767318e-01
1.625147122532762667e-01
1.604644511717584487e-01
1.602918062145711475e-01
1.538816626837467005e-01
2.103143381892199626e-01
2.384879898927214359e-01
2.274609374381426352e-01
1.509588365578126978e-01
1.219915599070902357e-01
1.306005024340514131e-01
1.661140030024634284e-01
1.592645363480048593e-01
1.579589388687889784e-01
1.589767338082476444e-01
1.626233172081160694e-01
1.414873286664306284e-01
1.555360491682245272e-01
1.716861017883957174e-01
1.825597584283135955e-01
1.865288918961748310e-01
2.918697878183132421e-01
2.579989416824933768e-01
2.293968176137813897e-01
3.553181447731503795e-01
3.278274068684235432e-01
2.920890003416329872e-01
1.332836432565994711e-01
1.278936415100236923e-01
1.309403986304945589e-01
2.368426824452375401e-01
2.286643439710571712e-01
1.979951270923774598e-01
1.995489524671592019e-01
1.939988094162611032e-01
1.928092615768085549e-01
1.998357087550906019e-01
1.950003215737506901e-01
1.695332489251098751e-01
1.666697789589285661e-01
1.737151720062742599e-01
1.652561780332572894e-01
1.645360559421607805e-01
1.602127525962138699e-01
2.040568379595973925e-01
1.852899116202902929e-01
2.185875403548067364e-01
1.975149871020335235e-01
1.607129739334709484e-01
1.643728799402749130e-01
1.689773032378790729e-01
1.654940182696048312e-01
1.613330313622582113e-01
1.636281646798641853e-01
