1.560054823320764683e+01
1.565407899908691292e+01
1.530672015601318847e+01
1.562258585610633332e+01
1.643632940717381175e+01
1.711076193751645036e+01
1.715763477871697518e+01
1.706644924546741038e+01
1.703234230419594297e+01
1.681525633422408461e+01
1.640907233541075172e+01
1.561555706614835159e+01
1.486855517394439019e+01
1.451372928225546488e+01
1.448183348589178721e+01
1.457197065011859038e+01
1.449423098719775282e+01
1.428823179198601423e+01
1.388180383718102462e+01
1.331637056230068694e+01
1.277533618943501992e+01
1.260761825097523925e+01
1.279935411563206316e+01
1.326164757818614248e+01
1.416964659624580136e+01
1.456522536776925136e+01
1.442228251513755310e+01
1.475464931337234376e+01
1.528966895784505198e+01
1.565704426669796234e+01
1.582016906799061573e+01
1.577519076322123937e+01
1.569866946620139458e+01
1.590324868958142090e+01
1.621302417609628677e+01
1.632392822709993752e+01
1.599142662939594217e+01
1.529498888921845534e+01
1.509574673055324467e+01
1.530959589927548947e+01
1.502872079198929356e+01
1.495387388304554932e+01
1.256665380657785747e+01
1.255485873212728620e+01
1.295793404871059451e+01
1.360673186226719977e+01
1.389636794498979100e+01
1.397908318596650190e+01
1.396401062791615999e+01
1.371524051635558550e+01
1.331411055985785907e+01
1.291036768167533921e+01
1.249178299991042707e+01
1.206585285512737826e+01
1.167770494354534705e+01
1.132931949641591629e+01
1.143990689854422627e+01
1.198099307308069328e+01
1.247148591810552887e+01
1.271612375369750580e+01
1.281093982470011738e+01
1.303981689781536701e+01
1.340394385152857026e+01
1.372532619209989235e+01
1.374196124302970290e+01
1.335442669168968166e+01
1.326123447759397322e+01
1.340769632545832479e+01
1.352442168070165707e+01
1.380343460067970796e+01
1.356039817868528630e+01
1.301069544098665176e+01
1.261912943507104146e+01
1.229489914400198813e+01
1.206368701696627710e+01
1.208518622972657397e+01
1.189287492352780262e+01
1.139366544441643470e+01
1.125579113266758213e+01
1.143805462992819244e+01
1.167125127887459612e+01
1.220135582720657297e+01
1.304642535499284506e+01
1.394120897834938688e+01
1.481755239940966362e+01
1.562514680179524973e+01
1.530356718604213384e+01
1.415662745788535659e+01
1.335990048154365795e+01
1.282872240359769833e+01
1.254309473823494869e+01
1.234963359458605581e+01
1.218874800706262818e+01
1.240816969689081617e+01
1.297170505596511347e+01
1.327599656945024620e+01
1.332472346791403339e+01
1.336481504127828046e+01
1.317425317329831813e+01
1.277989577378848907e+01
1.822728938819977174e+01
1.745772773401939304e+01
1.829725093904866995e+01
2.160797784105352548e+01
2.550789959891611147e+01
2.704017832312219838e+01
2.708794230555818672e+01
2.653049053081939945e+01
2.511150752627517591e+01
2.270106949117298001e+01
1.917662175978026440e+01
1.610917886713891889e+01
1.481626459834232890e+01
1.497092396246858215e+01
1.553321703661108799e+01
1.577879064672029941e+01
1.564549973519444137e+01
1.495504897223016272e+01
1.364692069173894140e+01
1.235049134033313578e+01
1.183593963364961965e+01
1.215893348891902548e+01
1.307001933482116485e+01
1.476291472937279536e+01
1.545110529749475248e+01
1.504403461856556490e+01
1.573247261707732747e+01
1.717272471323820682e+01
1.874296319708245306e+01
1.986526414821394582e+01
2.006885549378847600e+01
1.999939084088236285e+01
2.059050078689206487e+01
2.123758827673773197e+01
2.099925850848594422e+01
1.928371244421966679e+01
1.654435636272509669e+01
1.484491754993461754e+01
1.437312890800506793e+01
1.418374445959081598e+01
1.516174449515537503e+01
1.751656779976289613e+01
1.266567897142986610e+01
1.327488740327842009e+01
1.432333414742507571e+01
1.518050651861673472e+01
1.540226781912298293e+01
1.495043178983335963e+01
1.425579745823497291e+01
1.353268036850452560e+01
1.279273528263295745e+01
1.214200469631508739e+01
1.151191546853900505e+01
1.090486784461673153e+01
1.037825688049177941e+01
1.054990517123206217e+01
1.154346822042103327e+01
1.260598755565738216e+01
1.322284179373297519e+01
1.359328815957019643e+01
1.420684230995886921e+01
1.498882573004496876e+01
1.551437750304042495e+01
1.514233064644063020e+01
1.401372275210082918e+01
1.349373578373772631e+01
1.357684839797651577e+01
1.411825583148530683e+01
1.421130720796050539e+01
1.375394741593352066e+01
1.309682469643309588e+01
1.237165883619788787e+01
1.181245942050822606e+01
1.161328084524934923e+01
1.104394207954068108e+01
1.013087058177067235e+01
9.730013105902809656e+00
9.874736830716503988e+00
1.038180727808265402e+01
1.141672047025372905e+01
1.303117097542632763e+01
1.471236293543110918e+01
1.650729659177686059e+01
1.860891341467426585e+01
1.804363478078994376e+01
1.564351705065944742e+01
1.397747635215283069e+01
1.283186129856930080e+01
1.235002085082061996e+01
1.208276291662738444e+01
1.182022290017480870e+01
1.215021019513861589e+01
1.299152415284979867e+01
1.344828233809172957e+01
1.352582371263179439e+01
1.361064915775891393e+01
1.332663275384847523e+01
1.269809885983221420e+01
1.248455923804395340e+01
1.312489718267007532e+01
1.231411171160186413e+01
1.810046396916297695e+01
2.108837619676013020e+01
2.260007454311889319e+01
2.332186074575339063e+01
2.289261855247612232e+01
2.126492356912188342e+01
1.893420110880295226e+01
1.587807992771246290e+01
1.287445356327986090e+01
1.151601190703286548e+01
1.167498334440066543e+01
1.246877752363662850e+01
1.343605355194170414e+01
1.399124733877736659e+01
1.385506382589757024e+01
1.290660608678835075e+01
1.167213941080875017e+01
1.089139423169315535e+01
1.103882934568309793e+01
1.180295648396310781e+01
1.216909587409426763e+01
1.192166258622508934e+01
1.241659455629410047e+01
1.355247682406837839e+01
1.496461888535402096e+01
1.624348927882003224e+01
1.696117938793588564e+01
1.722645007895033586e+01
1.746072018148802485e+01
1.726834404334440976e+01
1.633610601767657755e+01
1.467443277089781262e+01
1.225572241002387130e+01
1.069875495211793393e+01
1.037932293306020526e+01
1.070640415398305123e+01
1.211931165814326050e+01
1.421140210434055717e+01
1.488066988752769149e+01
1.220511726637039018e+01
1.187726687795297309e+01
1.098171446584825617e+01
1.187669727167603639e+01
1.168715379497087170e+01
1.221443214357165985e+01
1.308060454679193541e+01
1.360177133487322365e+01
1.329432908049378881e+01
1.254427096335858494e+01
1.188611741551982348e+01
1.050088617928410883e+01
9.683765926523866696e+00
9.158517226845869885e+00
9.169046058899743556e+00
9.755310099341322427e+00
1.094217365212815807e+01
1.244520359175560742e+01
1.324683934380760064e+01
1.406067232715536264e+01
1.541702226045735458e+01
1.552652869168532135e+01
1.441351458239947547e+01
1.315115804330342542e+01
1.220746536535483528e+01
1.195496048412904955e+01
1.184184910076686137e+01
1.161539335386282445e+01
1.172068250667453526e+01
1.206115857274608061e+01
1.214598651765989601e+01
1.221067280986039094e+01
1.250475398307969144e+01
1.239698555990330675e+01
1.195148192276126409e+01
1.199848227150502922e+01
1.252903456665543658e+01
1.331179666504273484e+01
1.411571744866427380e+01
1.483187979275338364e+01
1.463454413897989426e+01
1.354579848380021190e+01
1.280181050484594962e+01
1.225676780980298375e+01
1.172864969067655494e+01
1.144615951178482760e+01
1.118973599217459736e+01
1.078556708645447415e+01
1.032097513386907650e+01
1.031978245746160283e+01
1.111085130465570003e+01
1.229205193279033637e+01
1.321111366936731812e+01
1.384616256112231270e+01
1.468863081267611292e+01
1.525714040437044616e+01
1.520326809496142673e+01
1.467123492957180986e+01
1.383661688636745524e+01
1.242237011081875764e+01
1.096493944064690496e+01
9.826498515589836558e+00
1.027980383579738444e+01
1.122065842995340290e+01
1.143966203766864709e+01
1.101929888730156293e+01
1.060870016562904539e+01
1.035737593576261517e+01
1.032477323038828132e+01
1.081149624596807612e+01
1.178651227565840642e+01
1.299427250396379208e+01
1.416035516721658638e+01
1.500529321167717711e+01
1.527929772692475296e+01
1.515139638217148743e+01
1.472952658461093023e+01
1.391170688529476607e+01
1.278363456770763307e+01
1.119021562477011855e+01
1.000721996269392733e+01
1.058496301211895485e+01
1.186952661173564039e+01
1.355587823419017113e+01
1.401239448259342524e+01
1.542828711745163517e+01
1.657329086184750366e+01
1.716447436193186959e+01
1.785928485579084679e+01
1.811690279032739781e+01
1.736063751732949356e+01
1.579078299539992969e+01
1.364931077948234517e+01
1.134716782042730188e+01
9.988431857991358243e+00
9.912903563781743088e+00
1.074121173312048683e+01
1.202818926105371844e+01
1.291530902816500515e+01
1.302010927953874742e+01
1.251500819364528638e+01
1.161524015322370573e+01
1.077565022513991266e+01
1.079288790186162572e+01
1.160640590778430692e+01
1.209025170641656288e+01
1.178645075250934227e+01
1.104868078960315003e+01
1.021631089468756670e+01
1.313470600545210232e+01
1.104911922210308006e+01
9.836455591895063577e+00
1.043598589503756457e+01
1.059426345536858349e+01
1.186688650452026295e+01
1.291170445879916784e+01
1.307693265320883924e+01
1.253425821644929883e+01
1.189578275967717147e+01
1.123710249625916191e+01
1.057553856980873519e+01
1.110524359039909115e+01
1.108276866266075089e+01
1.060013522071123049e+01
1.008680162140118597e+01
9.733644642014185777e+00
9.756712729124314976e+00
1.027543052727517292e+01
1.151977204572476055e+01
1.267682191580078666e+01
1.227533334273412535e+01
1.227298218732880031e+01
1.337882886809969207e+01
1.405887712991913219e+01
1.367790348853310434e+01
1.266065147061452478e+01
1.194844680821317695e+01
1.190001923390449790e+01
1.179002934161909266e+01
1.145591304923691922e+01
1.142286470119083219e+01
1.156822255086679974e+01
1.145270551294011341e+01
1.147827661871620819e+01
1.194882770862431443e+01
1.189779355109397940e+01
1.144739987800402048e+01
1.158382787012039827e+01
1.235580520202952926e+01
1.378363866095432755e+01
1.497828582040043699e+01
1.527879534334262246e+01
1.443588061511593779e+01
1.305046007477412218e+01
1.220407960648730494e+01
1.169085942696337810e+01
1.137292511716334786e+01
1.130453546839312651e+01
1.121967303987143438e+01
1.088966649048749602e+01
1.032162032844971833e+01
9.961033406308594351e+00
1.026084179732557189e+01
1.268077828137195695e+01
1.339522653102465810e+01
1.433020120019507360e+01
1.484860023211427560e+01
1.466999225616113023e+01
1.441404503931368453e+01
1.395837648821677845e+01
1.280072007109951926e+01
1.136320577697385659e+01
1.026185186593972531e+01
9.339382642880782015e+00
8.880888380621607681e+00
9.253369326220848734e+00
1.048753988123097258e+01
1.192646244411521650e+01
1.244737640429785941e+01
1.211785969128392537e+01
1.132997161978969913e+01
1.047518915934806571e+01
9.780999419894767399e+00
9.150112102175066653e+00
8.601458550311701146e+00
8.204925353776054919e+00
8.475939791865718220e+00
9.563316309564747542e+00
1.094713158857667423e+01
1.154780576624719401e+01
1.130868337801268808e+01
1.167932254336533049e+01
1.054205865131853059e+01
9.827261479254822518e+00
9.731837508186165664e+00
9.914819974679375036e+00
1.039075861888178665e+01
1.124740031164495946e+01
1.245211152595287629e+01
1.362883083082370916e+01
1.432244180029963587e+01
1.437744134812303898e+01
1.414574687902531380e+01
1.381654405513395290e+01
1.327880382153723815e+01
1.278270782564726105e+01
1.209332436793596699e+01
1.157580343858213112e+01
1.153577342708196696e+01
1.066094436726168482e+01
1.035722099763352588e+01
1.068804295131190329e+01
1.137669804448393762e+01
1.240562875686660149e+01
1.338105134353978443e+01
1.346521120007068362e+01
1.211027088395414353e+01
1.078312916273136324e+01
1.017039823592868686e+01
9.943327237708277977e+00
1.052954048213323901e+01
1.200730257063931461e+01
1.334848847852957476e+01
1.393080473152887322e+01
1.429468693764562559e+01
1.465865886756358449e+01
1.516202304676902557e+01
1.533881869305766443e+01
1.433102134315072362e+01
1.248625114155337101e+01
1.074931690325382760e+01
9.529425803399316663e+00
1.012579921216898882e+01
1.124270620145228605e+01
1.207918056887663738e+01
1.225252184746826245e+01
1.193710309012357129e+01
1.136437574584559584e+01
1.086122586123840250e+01
1.094146407752882411e+01
1.163216107009315792e+01
1.206713860891742129e+01
1.210626807459422238e+01
1.188971185513219453e+01
1.138334089917283976e+01
1.059323510209203789e+01
9.927257369755320582e+00
9.283783237800937727e+00
8.901818665769608785e+00
1.000259549636168899e+01
9.542008743659270209e+00
1.000854865979384911e+01
1.063212661683734339e+01
1.099249759365826762e+01
1.116224851506282434e+01
1.124965888113196755e+01
1.129197735659393942e+01
1.141890771244167269e+01
1.176955823954745384e+01
1.281776257651012330e+01
1.325901255627550412e+01
1.161037834063083807e+01
1.094756238198824505e+01
1.205320788873562776e+01
1.322493932147571627e+01
1.323507216266628106e+01
1.230204230094530615e+01
1.170990703777191655e+01
1.161760586343978829e+01
1.135846906971920944e+01
1.106917378896449478e+01
1.112207780732962803e+01
1.128865799741219078e+01
1.112261988845962790e+01
1.106046578859911733e+01
1.144470501086211911e+01
1.153049039682704091e+01
1.165628862898577367e+01
1.255842595596709543e+01
1.420042803250049346e+01
1.537747895634834094e+01
1.531073348549449875e+01
1.426158462090466372e+01
1.302282009972378418e+01
1.234750068475541340e+01
1.211852653765615173e+01
1.207255624746052902e+01
1.196960346546211085e+01
1.166364260844421352e+01
1.114771782918859699e+01
1.039637476450762321e+01
9.737022614376714458e+00
9.691813351878858285e+00
9.900701268864192883e+00
1.001867129074452833e+01
1.041295273553453171e+01
1.111888104811209388e+01
1.191858273239939336e+01
1.270088117384943871e+01
1.375732005140923064e+01
1.427943617162319612e+01
1.401069213161007454e+01
1.382525386069440287e+01
1.136459315176013973e+01
1.126204816127078345e+01
1.003504774855808890e+01
9.612844475225115204e+00
9.570259784759699073e+00
9.370911640022193012e+00
9.730678978487981468e+00
1.047737992662817064e+01
1.113902204827196840e+01
1.186314033496336506e+01
1.245828920486879809e+01
1.276489929148940305e+01
1.293586063451244428e+01
1.303621427166870461e+01
1.357321879833916611e+01
1.342807491978232903e+01
1.129355277226184739e+01
9.995273244663128054e+00
1.065554138404065299e+01
1.232830605852437600e+01
1.284539617706949954e+01
1.181851276473321377e+01
1.123730224242514097e+01
1.105275516782167955e+01
1.077920595000411197e+01
1.065168950705221818e+01
1.084345679311088162e+01
1.115485890487009968e+01
1.120555775116877228e+01
1.117696998368838734e+01
1.134011260249717878e+01
1.133268308520362311e+01
1.102640251947931915e+01
1.081162325145311343e+01
1.123398244783985334e+01
1.170452132172065873e+01
1.224555266742580173e+01
1.315535668047309414e+01
1.458926558736319024e+01
1.543682968463703986e+01
1.525978927463729562e+01
1.444257899793169742e+01
1.352517765381042381e+01
1.314673350222654591e+01
1.322369932418830629e+01
1.337139282940537655e+01
1.294444091976227185e+01
1.209646034656288904e+01
1.125362334917201679e+01
1.043612364912568680e+01
9.776687832670775791e+00
9.628302533949478104e+00
9.808005641968016164e+00
9.997150224108320771e+00
1.015927209386621399e+01
1.042820452960593514e+01
1.075098714055106797e+01
1.117888812378354402e+01
1.181631926640861607e+01
1.272192768293560405e+01
1.298237084352917847e+01
1.255535095729314676e+01
1.254589371986745405e+01
9.616231186449155643e+00
9.648367013913054180e+00
9.929220337106254846e+00
1.034258274855236692e+01
1.112007865331366574e+01
1.229061323047287502e+01
1.349194670784364902e+01
1.426888756164758831e+01
1.449450397411758118e+01
1.428969804589985770e+01
1.385668087503459134e+01
1.347848367332266406e+01
1.335679404111604995e+01
1.307053203411620146e+01
1.254484304724832455e+01
1.254943852461133957e+01
1.297711083865941362e+01
1.166544274211488741e+01
1.082843879113646679e+01
1.056760718471566918e+01
1.087412495939441470e+01
1.171398889065278581e+01
1.243596408200302506e+01
1.252280411585921271e+01
1.210898917400503194e+01
1.117203072256198482e+01
1.022452598672361646e+01
9.657384933576478758e+00
9.472385621390426280e+00
1.000833298365744994e+01
1.118822597950650888e+01
1.234895326485045430e+01
1.296358543811700414e+01
1.300612410559591581e+01
1.285843445922100159e+01
1.330644410367984420e+01
1.406434656799536498e+01
1.366180209452150862e+01
1.197181428168408956e+01
1.051996390836333362e+01
9.662653333665355504e+00
9.108890690547678304e+00
9.070299356915807465e+00
9.051915815588467140e+00
9.426905886971175264e+00
1.013497563052410300e+01
1.096685919503890716e+01
1.157230857493749099e+01
1.167084751773060702e+01
1.141418991679431372e+01
1.106349527047360581e+01
1.073340868154334160e+01
1.066395542152365294e+01
1.089607120782052263e+01
1.101967490007252337e+01
1.132198846383607105e+01
1.183120229547091995e+01
1.171980461337689405e+01
1.117913060627364885e+01
1.099740880184473824e+01
1.064087243495433910e+01
1.014318485672677639e+01
1.098126285693204096e+01
1.205377654804460974e+01
1.293649993850786828e+01
1.323775893610476473e+01
1.327780158144704714e+01
1.304203921256207721e+01
1.312837461985639109e+01
1.307652227569846914e+01
1.141390843921963594e+01
9.745535354027044406e+00
1.169597996779107163e+01
1.242611803735394460e+01
1.147656734120707611e+01
1.093900346286039493e+01
1.072421731054562599e+01
1.050709482461467204e+01
1.040265795622711309e+01
1.059706513350049661e+01
1.093996153021659978e+01
1.110595148942175570e+01
1.107984126914334411e+01
1.103977395305954090e+01
1.092862702051242607e+01
1.072888532701359665e+01
1.066394104464857762e+01
1.086415230711249436e+01
1.085966371965991684e+01
1.129363723694726929e+01
1.193139393364750234e+01
1.262083777224858849e+01
1.342956858784883423e+01
1.446896796738932878e+01
1.507722507703817527e+01
1.501595999302709217e+01
1.471727021381588685e+01
1.430541701934565779e+01
1.399720752655113998e+01
1.412460445208941096e+01
1.363083894391703765e+01
1.236986382116180039e+01
1.122339127274096526e+01
1.039526743753952331e+01
9.919256075540509698e+00
9.915609961554917362e+00
9.353000780607034770e+00
1.014300569024013754e+01
1.027359757186149736e+01
1.018063208170090661e+01
1.055352049811189374e+01
1.094948861518864902e+01
1.092321141355229841e+01
9.805267778378265575e+00
9.843384729404117905e+00
1.002965341449218073e+01
1.024794270994549095e+01
1.091615624878621915e+01
1.208839595784063903e+01
1.333946339039378159e+01
1.448043591588178103e+01
1.555592831593522263e+01
1.563591395645419269e+01
1.475488910644511620e+01
1.422055617361980495e+01
1.412980762161319959e+01
1.396664072610041885e+01
1.405948058732676387e+01
1.379111039136972394e+01
1.305693562284151099e+01
1.185078668183878747e+01
1.103293907395928031e+01
1.068968547076841347e+01
1.092682954587472821e+01
1.167581040039132390e+01
1.195376173314517843e+01
1.164487180163779101e+01
1.120806146255330304e+01
1.057333337471300538e+01
9.893743734120892697e+00
9.414383051982932571e+00
9.290516775521901138e+00
9.742499963606674029e+00
1.065353941789654257e+01
1.169510696999125798e+01
1.227604181799708627e+01
1.204847762214821927e+01
1.158729250684025658e+01
1.181413064558223525e+01
1.263592222077678784e+01
1.298336796152014117e+01
1.201782302353522169e+01
1.077631133704074884e+01
1.020651386433906538e+01
9.852551601240378432e+00
9.502566081779708185e+00
9.447567675469432658e+00
9.367402489731412984e+00
9.510125101313754215e+00
9.784409622186545974e+00
1.019963260888803447e+01
1.065264404316673463e+01
1.085464580953851055e+01
1.075159789272705524e+01
1.061149717837336937e+01
1.047099595422745466e+01
1.009652352208366111e+01
9.792439249683713598e+00
9.784871661860044867e+00
1.000014714971116092e+01
1.061003215240566888e+01
1.136108089870505111e+01
1.160475120930725268e+01
1.124309366170647806e+01
1.100904401335276006e+01
1.082939214819692708e+01
1.125471184089413867e+01
1.045005599699298671e+01
9.814582823486770025e+00
9.395861255740330265e+00
9.421005612604062662e+00
8.805417278526887159e+00
8.227646867391550600e+00
7.901632702109159467e+00
8.213359282885228652e+00
9.317369788062141112e+00
1.047967556243996157e+01
1.098842007188017433e+01
1.066049793135083590e+01
1.025595225437464464e+01
1.016039968675929117e+01
1.024822285712256686e+01
9.903863087556473488e+00
9.716224266692236711e+00
1.013651772165726683e+01
1.020255296225055019e+01
1.018244976938714075e+01
1.026074545481221278e+01
1.081362348902458947e+01
1.194013295878727021e+01
1.315573506045737773e+01
1.452346548461809306e+01
1.645431285712429315e+01
1.736213282275049252e+01
1.631926979175783998e+01
1.526989868383380156e+01
1.485368451213668806e+01
1.465449295288337694e+01
1.351781963241200657e+01
1.292744783872222669e+01
1.247898729136446860e+01
1.192662079096962913e+01
1.147751176447415489e+01
1.121924379027475283e+01
1.134766193584694705e+01
1.177769151614731058e+01
1.180139195171669542e+01
1.144199468848345091e+01
1.109013680588750717e+01
9.776432330861286601e+00
9.451646008748443961e+00
9.379028985970963461e+00
9.755553972575047084e+00
1.050261707307870651e+01
1.152989378226959971e+01
1.208301669456745486e+01
1.154466510921385947e+01
1.066953853885617676e+01
1.154578258667933710e+01
1.238833593043457526e+01
1.232104093525990152e+01
1.140681815346954053e+01
1.091834474358168094e+01
1.073040744305895444e+01
1.027769107900748935e+01
9.932350996916145647e+00
1.008074609446986969e+01
1.067639777750888186e+01
1.028771192453174166e+01
1.078919111193929581e+01
1.470079145134623744e+01
1.542634136118624255e+01
1.121869004160810945e+01
1.154271580655580465e+01
1.181868042437256960e+01
1.139691823167620655e+01
1.071168009216065187e+01
1.006952995003897655e+01
9.468262639535746317e+00
9.454873141273536064e+00
1.160691783629198071e+01
1.306850852246958894e+01
1.342539696678596073e+01
1.339660443913148669e+01
1.324468697623788316e+01
1.322792431004608105e+01
1.312133050005170887e+01
1.179557615574392671e+01
1.010731411877961960e+01
9.555428520321935792e+00
1.004499206360852526e+01
9.762943205936087665e+00
1.027383539591867745e+01
1.168096671138813392e+01
1.210633095771184031e+01
1.141442611391594042e+01
1.102694090352131795e+01
1.076521600325762762e+01
1.048940405372368190e+01
1.040488196674574084e+01
1.057933163060083004e+01
1.073150083906650565e+01
1.066213870361256255e+01
1.052867030707757934e+01
1.051319086901365196e+01
1.061508243031824605e+01
1.072613409935564022e+01
1.088773050023263878e+01
1.126734103890786898e+01
1.131720354121622663e+01
1.115552658042259182e+01
1.141451827912895212e+01
1.188313977738740945e+01
1.242523937169415404e+01
1.302602575748656477e+01
1.385639601070258919e+01
1.430840393355015649e+01
9.280630462755771859e+00
1.090908082126198053e+01
1.079921799205913402e+01
1.036929327090023634e+01
9.824794224316466540e+00
9.783641601945648247e+00
9.856336564909639719e+00
1.009121050352527860e+01
1.030160391142673859e+01
1.016641745088225335e+01
9.572216568006464144e+00
9.350241846333904761e+00
9.667522526071728350e+00
9.692065120113227294e+00
1.425224614702239023e+01
1.434402763546072990e+01
1.454190860988172673e+01
1.461128965765743004e+01
1.484844799797593495e+01
1.598192202215483704e+01
1.779164802047137783e+01
1.721309982219365864e+01
1.600950132239977819e+01
1.468049590991827102e+01
1.331966114261199507e+01
1.187035112467099296e+01
1.073473243957425893e+01
9.567566022473288356e+00
9.001092536878427808e+00
1.107305138636640152e+01
1.080091716881659991e+01
1.025301155714664247e+01
1.033356598123671688e+01
1.116298012794256067e+01
1.105449626699686050e+01
1.139270059933758006e+01
1.147019891681109627e+01
1.037484917922847316e+01
1.104685333338371578e+01
8.386415648228020103e+00
8.100094921440200935e+00
8.480632914327708605e+00
9.499094245851832596e+00
1.060506865379186792e+01
1.063885035222930142e+01
1.121149559410417140e+01
1.115931151100380347e+01
1.184412121124208284e+01
1.197619482028920856e+01
1.137183501825951737e+01
1.090992613458178440e+01
1.061465434351731929e+01
1.054462711079628079e+01
1.067824716777177940e+01
1.081725288280361852e+01
1.084103064381979564e+01
1.066356957832358532e+01
1.043923668016164896e+01
1.123081315772173028e+01
1.149127556278799034e+01
1.154678725813791118e+01
1.191908547369522253e+01
1.227779937480127970e+01
1.302027652071845054e+01
1.342249356480181532e+01
1.330601214611332139e+01
1.343400338236068947e+01
1.333949736754897941e+01
1.273911266992348956e+01
1.167115316672619585e+01
1.058721023971210329e+01
1.017566641470270739e+01
1.180203169061013568e+01
1.117835933697844197e+01
1.207014835121406549e+01
1.242081961093969156e+01
1.191739490216050257e+01
1.149460537931117088e+01
1.143927790164844893e+01
1.116553810779198130e+01
1.102236766203024132e+01
1.176743724669986690e+01
1.728963908161218299e+01
1.615345361481939079e+01
1.457577348527441430e+01
1.269306924781722401e+01
1.182878483325597685e+01
1.174118614343955258e+01
1.180292098097199727e+01
1.179149843200153214e+01
1.149820927138298998e+01
1.119889635635036029e+01
1.101385916233024176e+01
1.087832655262009496e+01
1.079909533762895535e+01
1.052002187205263795e+01
1.028060463554046322e+01
1.003284795595090273e+01
9.935020378190372980e+00
1.026895348862057844e+01
1.445704360162123692e+01
1.484969040438357268e+01
1.541366446525762157e+01
1.600361553717144147e+01
1.756504579262512422e+01
1.095892351643996321e+01
1.038105519152781042e+01
1.025154348852944963e+01
1.831370003788356016e+01
1.829366533315618781e+01
1.094774747158619022e+01
1.045125934582489791e+01
1.156768417805637128e+01
1.098020419875619424e+01
1.184411499716071603e+01
1.185396156571691506e+01
1.297306792331564296e+01
1.036199975823723562e+01
1.031363547751093179e+01
1.042760974138209207e+01
9.795615552993631070e+00
8.811103157155576682e+00
1.456306750633210001e+01
1.681284117438367076e+01
1.688294891710244983e+01
1.071806546006690652e+01
1.218166319189486657e+01
1.241957666526040782e+01
1.201011990517501360e+01
1.149947116731252450e+01
1.128895072865642746e+01
1.113787990015745066e+01
1.077564132106432737e+01
1.232798438625629700e+01
1.258034247461540645e+01
1.267541163359328493e+01
1.211611793200456333e+01
1.131558451814646205e+01
1.282090978711514140e+01
1.185739329541581100e+01
1.145507250485878714e+01
1.418587385017405467e+01
1.421278101145996686e+01
1.422686681051762037e+01
1.163788016640930323e+01
1.085328799500397423e+01
1.085462376189159883e+01
1.340716382684606600e+01
1.390409237652696106e+01
1.068113559504077870e+01
1.040562713142395168e+01
1.090781529154284968e+01
1.114716061176599027e+01
1.125857304057902653e+01
1.094536698385731199e+01
1.175457379363306742e+01
1.180361448376787692e+01
1.098584961708252195e+01
1.075138872534778045e+01
1.049010354862718586e+01
1.083851357928031334e+01
1.481159378448010955e+01
1.286251692589052809e+01
1.214230728555673977e+01
1.071430936317694105e+01
1.169318073435592709e+01
1.165876404176329117e+01
1.194698508523786984e+01
1.188391341028851755e+01
1.109448317780879023e+01
1.131412673651633938e+01
