2.545352609017798784e+01
2.554086576091051342e+01
2.497412238480204039e+01
2.548948221178552132e+01
2.681716905959261865e+01
2.791755897862121572e+01
2.799403571960387183e+01
2.784525932310043572e+01
2.778961115570709950e+01
2.743541825697752401e+01
2.677269699509259837e+01
2.547801418605311952e+01
2.425922162386914138e+01
2.368029516842894466e+01
2.362825465852035123e+01
2.377532055819544965e+01
2.364848216067137798e+01
2.331237821025273149e+01
2.264925891490733534e+01
2.172670988654781965e+01
2.084396959309418307e+01
2.057032453533335215e+01
2.088315673587593579e+01
2.163742501764001247e+01
2.311889710121982588e+01
2.376431509750920412e+01
2.353109254824515517e+01
2.407337521959194149e+01
2.494630200881567106e+01
2.554570382912284643e+01
2.581185482097193429e+01
2.573846916574847654e+01
2.561361862838063530e+01
2.594740578265047404e+01
2.645282894536470408e+01
2.663377766034121308e+01
2.609127505301814054e+01
2.495498189685465107e+01
2.462990258502293983e+01
2.497881438697154621e+01
2.452054447462496967e+01
2.439842583359454764e+01
2.050348781019704703e+01
2.048424321502159984e+01
2.114189241642087680e+01
2.220045727117777901e+01
2.267302140661911380e+01
2.280797785255825261e+01
2.278338578413572435e+01
2.237749770697283935e+01
2.172302251413741203e+01
2.106428413328569604e+01
2.038133017814374170e+01
1.968639152017072647e+01
1.905309755853473419e+01
1.848467919686002503e+01
1.866511127419729021e+01
1.954793608616652634e+01
2.034821388674470910e+01
2.074735982942577195e+01
2.090205973490062874e+01
2.127549074930446338e+01
2.186959262174681484e+01
2.239395328320369316e+01
2.242109468211633683e+01
2.178880146613936830e+01
2.163675101140999857e+01
2.187571507921729363e+01
2.206616171164699125e+01
2.252139331838250058e+01
2.212486020841584988e+01
2.122797679337848820e+01
2.058910594098213309e+01
2.006009862344536998e+01
1.968285778422012555e+01
1.971793544717992575e+01
1.940416436833110581e+01
1.858966469107118513e+01
1.836471186641374231e+01
1.866208915171547034e+01
1.904256789511402559e+01
1.990747531694222161e+01
2.128627296892060983e+01
2.274618309270007188e+01
2.417600657059763591e+01
2.549366059686108699e+01
2.496897806537044673e+01
2.309765534913679375e+01
2.179773238643637612e+01
2.093107341628887852e+01
2.046504933023068418e+01
2.014940220080346833e+01
1.988690466300256787e+01
2.024490847308049268e+01
2.116436090196389230e+01
2.166083652972592333e+01
2.174033831150955365e+01
2.180575087864299277e+01
2.149483414636456047e+01
2.085140891494149429e+01
2.973926166313798802e+01
2.848366106821882227e+01
2.985340945674252922e+01
3.525512177594530527e+01
4.161815201882528470e+01
4.411818572924220661e+01
4.419611643750522489e+01
4.328658985675810555e+01
4.097140705755342083e+01
3.703858710160908885e+01
3.128817237621402469e+01
2.628339712531734662e+01
2.417390542148567789e+01
2.442624438425995947e+01
2.534366992719998635e+01
2.574434265988438497e+01
2.552686801454562016e+01
2.440034308437136090e+01
2.226602851932887006e+01
2.015080168070799971e+01
1.931126994791058493e+01
1.983825992282486084e+01
2.132476840973165011e+01
2.408686089834301924e+01
2.520969814219191463e+01
2.454553019169546602e+01
2.566877113775970543e+01
2.801865613911051511e+01
3.058062419426219947e+01
3.241174680057225288e+01
3.274392215421046615e+01
3.263058508882919995e+01
3.359502763328380581e+01
3.465080195987797396e+01
3.426194812707803550e+01
3.146289928257947821e+01
2.699342356619477812e+01
2.422065497413039381e+01
2.345089455758033026e+01
2.314189887827944503e+01
2.473758314842891792e+01
2.857966328084376073e+01
2.066505518459095114e+01
2.165902683754902824e+01
2.336965047444745736e+01
2.476819487094912731e+01
2.513001594055823062e+01
2.439280978676903544e+01
2.325945903407965432e+01
2.207963641281251554e+01
2.087235758728764878e+01
1.981063926118025975e+01
1.878259894114844641e+01
1.779215281691572770e+01
1.693294545353627356e+01
1.721300319134013534e+01
1.883407974690221209e+01
2.056766392718049374e+01
2.157411031662675072e+01
2.217852280886072336e+01
2.317958484470713998e+01
2.445545253138751107e+01
2.531293174081710262e+01
2.470590792154684934e+01
2.286449503946557016e+01
2.201609524812942453e+01
2.215170003991787340e+01
2.303504901126353133e+01
2.318686967829604484e+01
2.244065106950528943e+01
2.136850347345804124e+01
2.018533812136399064e+01
1.927296012643103040e+01
1.894798455594661135e+01
1.801906341096607278e+01
1.652931517627161639e+01
1.587528455709589892e+01
1.611141273992295098e+01
1.693873820750613390e+01
1.862728078589599789e+01
2.126138424433980845e+01
2.400438165551351943e+01
2.693295762406082261e+01
3.036191139116682436e+01
2.943961467180105274e+01
2.552363310819582409e+01
2.280535617633333700e+01
2.093619477124767059e+01
2.015003403992365349e+01
1.971398162054044789e+01
1.928562685642602403e+01
1.982402718032678379e+01
2.119669732322915934e+01
2.194193436305383926e+01
2.206844923743001985e+01
2.220684864803907743e+01
2.174345346224781039e+01
2.071795079203719325e+01
2.036954404034979760e+01
2.141430595104841927e+01
2.009144544429758739e+01
2.953233597923931697e+01
3.440735067124983715e+01
3.687380587040857449e+01
3.805145704430646703e+01
3.735111451773221347e+01
3.469540164749673750e+01
3.089264394527629065e+01
2.590634096061265979e+01
2.100568741373970383e+01
1.878928260396090266e+01
1.904865705466266235e+01
2.034379492734366224e+01
2.192198213299963072e+01
2.282782462821689862e+01
2.260563047540120252e+01
2.105814679425342462e+01
1.904401695248172643e+01
1.777016955370263318e+01
1.801072158203220397e+01
1.925745533521031660e+01
1.985484065654841856e+01
1.945113371277893677e+01
2.025865429633118708e+01
2.211193589297533180e+01
2.441595715316801574e+01
2.650253516564793088e+01
2.767350323958766012e+01
2.810631331483381246e+01
2.848854348251463264e+01
2.817466662522938137e+01
2.665364668709140261e+01
2.394249559752884338e+01
1.999617868899605355e+01
1.745586336039695752e+01
1.693468480246544416e+01
1.746834363713674065e+01
1.977361377781022966e+01
2.318702450923208147e+01
2.427898773552484712e+01
1.991361240189985793e+01
1.937869860973615843e+01
1.791753414641893727e+01
1.937776925212549628e+01
1.906851410561285931e+01
1.992881035945397272e+01
2.134203901875387643e+01
2.219236377910582192e+01
2.169074746882689908e+01
2.046696843438169822e+01
1.939313896051757879e+01
1.713302483597660597e+01
1.579982863277053617e+01
1.494284391138570811e+01
1.496002253212237498e+01
1.591655859906318682e+01
1.785302018712685168e+01
2.030533219634140352e+01
2.161326421415611065e+01
2.294109697778908341e+01
2.515408897644367059e+01
2.533275736441545689e+01
2.351678697376344829e+01
2.145715261844045330e+01
1.991744351077304032e+01
1.950546186204502774e+01
1.932091171005888341e+01
1.895143128052994186e+01
1.912321884581569265e+01
1.967873242785673682e+01
1.981713591706514421e+01
1.992267670970839788e+01
2.040249336123055812e+01
2.022666067060892914e+01
1.949978631454454714e+01
1.957647109415058750e+01
2.044210905026220715e+01
2.171924721206684694e+01
2.303090743928823159e+01
2.419938284397131412e+01
2.387741414538711027e+01
2.210103965357953371e+01
2.088716452880787600e+01
1.999788434126893932e+01
1.913621793551619987e+01
1.867531290633690588e+01
1.825693768971207831e+01
1.759750421129831821e+01
1.683948576158466182e+01
1.683753981586524873e+01
1.812823109415771583e+01
2.005545317356907020e+01
2.155497495580047840e+01
2.259110735917440849e+01
2.396566082361136196e+01
2.489322910572504810e+01
2.480533217975921545e+01
2.393727806693908633e+01
2.257553283719037651e+01
2.026807756951242467e+01
1.789016436843145286e+01
1.603270812042699589e+01
1.677231153834783939e+01
1.830739008824377478e+01
1.866471176434726331e+01
1.797885609727254419e+01
1.730893186650489923e+01
1.689887654368092385e+01
1.684568265591166636e+01
1.763980968212599620e+01
1.923062531110737794e+01
2.120118147505121442e+01
2.310373740120962083e+01
2.448232052776167933e+01
2.492938052677087057e+01
2.472069938512251852e+01
2.403238550420334718e+01
2.269804809872068674e+01
2.085750905239463648e+01
1.825772024815819350e+01
1.632756942915504794e+01
1.727020282652862448e+01
1.936606975431629962e+01
2.211748556212696926e+01
2.286232786289868457e+01
2.517246847997904169e+01
2.704063248586277979e+01
2.800519503959722911e+01
2.913883321492259881e+01
2.955915721379757954e+01
2.832525071451362919e+01
2.576390912353915752e+01
2.226992813617727407e+01
1.851380014659195439e+01
1.629691515303071014e+01
1.617368477814433803e+01
1.752513495052307491e+01
1.962494039293641634e+01
2.107234633019795922e+01
2.124333621418937312e+01
2.041922391532801129e+01
1.895118132159218405e+01
1.758132406913731316e+01
1.760944869960614056e+01
1.893676755270294976e+01
1.972620017231396261e+01
1.923052493123249107e+01
1.802679499054941559e+01
1.666871779222289263e+01
2.143030981981405603e+01
1.802751032778686735e+01
1.604895387652020133e+01
1.702713489841575623e+01
1.728537723395110248e+01
1.936176221096058470e+01
2.106646519070043766e+01
2.133604803448072218e+01
2.045063184730282657e+01
1.940890873257956173e+01
1.833421988066423580e+01
1.725482610484920087e+01
1.811908166562461986e+01
1.808241204664642865e+01
1.729495748267763844e+01
1.645741318822839361e+01
1.588120969496775636e+01
1.591884710029036221e+01
1.676517614022550617e+01
1.879541756709592448e+01
2.068323577805643509e+01
2.002817547397637910e+01
2.002433937831121824e+01
2.182861554347975286e+01
2.293816797176914690e+01
2.231657939835940851e+01
2.065685242009455180e+01
1.949483428554007958e+01
1.941582087474685281e+01
1.923636368189108126e+01
1.869122657272203014e+01
1.863730558375077351e+01
1.887446839135414223e+01
1.868599322402200613e+01
1.872771450190897013e+01
1.949545575463255176e+01
1.941218949752605383e+01
1.867733666174918739e+01
1.889992970174075637e+01
2.015947166558974146e+01
2.248909467985087574e+01
2.443825583668711943e+01
2.492856084829395513e+01
2.355327892191629857e+01
2.129285593278085287e+01
1.991191937787839805e+01
1.907456013676457474e+01
1.855582520972966165e+01
1.844424209846658869e+01
1.830578234652947955e+01
1.776735060752215034e+01
1.684053844748043716e+01
1.625221241602988442e+01
1.674137347554707489e+01
2.068969090083691498e+01
2.185536962512094661e+01
2.338085461318867075e+01
2.422666356085059292e+01
2.393525054716175049e+01
2.351765245609802690e+01
2.277419324040648263e+01
2.088538540006192790e+01
1.853996733887829862e+01
1.674302148223497966e+01
1.523794011679060034e+01
1.448987053025073912e+01
1.509760259999448806e+01
1.711124929702601349e+01
1.945896505987066405e+01
2.030887731154546216e+01
1.977124477924790114e+01
1.848574318762883806e+01
1.709109811919689648e+01
1.595847275369233564e+01
1.492913028690909094e+01
1.403395870139414470e+01
1.338698348534646243e+01
1.382916493740892072e+01
1.560330557332478207e+01
1.786110945186673860e+01
1.884115679536251520e+01
1.845100974048422060e+01
1.905573680034893158e+01
1.720020097462630559e+01
1.603395295588163805e+01
1.587826121345592334e+01
1.617681155382255298e+01
1.695334302671932747e+01
1.835102157946839796e+01
2.031660303635875309e+01
2.223651348306922415e+01
2.336819453966239024e+01
2.345793064409562945e+01
2.307990282571580209e+01
2.254278242830293522e+01
2.166541678313559771e+01
2.085599699955777098e+01
1.973121346216642991e+01
1.888683720816522182e+01
1.882152508407327574e+01
1.739417240609608584e+01
1.689862374989109384e+01
1.743838588538016054e+01
1.856198103852204540e+01
2.024076272882631500e+01
2.183224168762248141e+01
2.196955513788924463e+01
1.975886304096059121e+01
1.759352654627241463e+01
1.659380766469922719e+01
1.622332340407414719e+01
1.717977659330354712e+01
1.959086210854197319e+01
2.177911280255266036e+01
2.272920774260750676e+01
2.332291029002368177e+01
2.391675922890513917e+01
2.473803762737794543e+01
2.502649368213754499e+01
2.338219274117027169e+01
2.037230451449951474e+01
1.753835917549070444e+01
1.554801053689428159e+01
1.652104083638690923e+01
1.834336276809374056e+01
1.970813673736232374e+01
1.999095671850535538e+01
1.947632611390167767e+01
1.854187623546041763e+01
1.772094747554298166e+01
1.785186246014783151e+01
1.897878913335418005e+01
1.968848932898815463e+01
1.975233214147208116e+01
1.939900357252257734e+01
1.857281938039373514e+01
1.728369939439295422e+01
1.619710414580886848e+01
1.514722529788533656e+01
1.452401994289480491e+01
1.632002424723700074e+01
1.556854059733895568e+01
1.632973730337288032e+01
1.734715397114615953e+01
1.793512767075814551e+01
1.821208970069536548e+01
1.835470661389825153e+01
1.842375254761583037e+01
1.863084944420621270e+01
1.920296346268814247e+01
2.091319159312810072e+01
2.163312577136044368e+01
1.894324889051166849e+01
1.786181232532842600e+01
1.966576025919511395e+01
2.157753259873675233e+01
2.159406512911684572e+01
2.007175324794348725e+01
1.910563781758856194e+01
1.895504116458017663e+01
1.853223902703403780e+01
1.806023093690928860e+01
1.814654801959140329e+01
1.841833675105071322e+01
1.814743246775175933e+01
1.804602314682523456e+01
1.867293977325011056e+01
1.881290540312241433e+01
1.901815515053415240e+01
2.049006342234500266e+01
2.316911944463299378e+01
2.508957095388544900e+01
2.498067044869915421e+01
2.326890124686596550e+01
2.124775913133780492e+01
2.014592219002367912e+01
1.977233279175103675e+01
1.969732863398838418e+01
1.952935304213866274e+01
1.903015374860993347e+01
1.818838173950842219e+01
1.696250621169696871e+01
1.588672112356476696e+01
1.581295864257339723e+01
1.615377577062735170e+01
1.634625317494051799e+01
1.698955448024162251e+01
1.814133225454704501e+01
1.944610868811093241e+01
2.072249035701720032e+01
2.244615379055011317e+01
2.329802746122535240e+01
2.285955034287043119e+01
2.255699316370525764e+01
1.854223095037398039e+01
1.837492070256602261e+01
1.637297265876831887e+01
1.568411468579888357e+01
1.561463440128578029e+01
1.528938216480964130e+01
1.587637098078857711e+01
1.709467252897327327e+01
1.817419388641972944e+01
1.935565003957215069e+01
2.032668240723166520e+01
2.082694097011324530e+01
2.110587789848260343e+01
2.126961278032244707e+01
2.214577806155627471e+01
2.190896436472656106e+01
1.842632296265551872e+01
1.630807741550635015e+01
1.738535701241083942e+01
2.011460464193118014e+01
2.095827799408587211e+01
1.928283663543957616e+01
1.833454578230378829e+01
1.803344266028104670e+01
1.758712551497417920e+01
1.737907237100236557e+01
1.769195583804275884e+01
1.820003296826358863e+01
1.828275213862314885e+01
1.823610893900321628e+01
1.850228900153655331e+01
1.849016715751914219e+01
1.799044623399520759e+01
1.764001690160179692e+01
1.832912927534342273e+01
1.909685059665403273e+01
1.997958595105627566e+01
2.146400302646097558e+01
2.380353861372803337e+01
2.518640635276918260e+01
2.489755094669107294e+01
2.356420786231084463e+01
2.206739514145726133e+01
2.144993363036041245e+01
2.157550944526580494e+01
2.181648305928215237e+01
2.111987731127263146e+01
1.973633005887863590e+01
1.836117495649639153e+01
1.702735965508606952e+01
1.595143805874088905e+01
1.570933572900597675e+01
1.600253553711909404e+01
1.631113985565682256e+01
1.657565448552650267e+01
1.701443898638303054e+01
1.754108429950471759e+01
1.823923853600369682e+01
1.927925776974849370e+01
2.075682939819214923e+01
2.118176297642793671e+01
2.048504631924037866e+01
2.046961608974090652e+01
1.568964037253837063e+01
1.574207251213720404e+01
1.620030688201623548e+01
1.687474029084004101e+01
1.814328624198314444e+01
2.005310581715401597e+01
2.201317622956246467e+01
2.328081657124792514e+01
2.364892756038312527e+01
2.331477051927245370e+01
2.260826881873266103e+01
2.199121022584835572e+01
2.179266398362835488e+01
2.132560491910860989e+01
2.046790183441325084e+01
2.047539971853936436e+01
2.117318086321078852e+01
1.903309080881238557e+01
1.766745278216524895e+01
1.724188542389493506e+01
1.774199337255543441e+01
1.911229768282190378e+01
2.029025720672999711e+01
2.043194357790030224e+01
1.975677182998890657e+01
1.822805014452575278e+01
1.668212136345301744e+01
1.575678596002382825e+01
1.545494497668137868e+01
1.632938541072892846e+01
1.825447398483009920e+01
2.014829218912847963e+01
2.115111310440898151e+01
2.122051829878613916e+01
2.097955098077540015e+01
2.171051408562393448e+01
2.294709179179718461e+01
2.229030870284051602e+01
1.953296016334655150e+01
1.716415165713701541e+01
1.576538177070375291e+01
1.486187429944974170e+01
1.479890949188209959e+01
1.476891529284432458e+01
1.538074119939677153e+01
1.653601288740233599e+01
1.789329659928469596e+01
1.888113506221300142e+01
1.904190912693107407e+01
1.862315198814228978e+01
1.805096598567802957e+01
1.751240365583183234e+01
1.739908517884420291e+01
1.777780040949702212e+01
1.797946959179419935e+01
1.847271803842831162e+01
1.930354060666391902e+01
1.912178649359178451e+01
1.823963416533006310e+01
1.794314069464935457e+01
1.736142346387763524e+01
1.654940688806221516e+01
1.791679731081806537e+01
1.966668807175280875e+01
2.110692097342353790e+01
2.159844881209981438e+01
2.166378154930260180e+01
2.127911663126324626e+01
2.141997966435809175e+01
2.133537847117366582e+01
1.862269273525683744e+01
1.590061033037656557e+01
1.908291470338654605e+01
2.027419260754963659e+01
1.872492568070705943e+01
1.784784777305322478e+01
1.749740720839950114e+01
1.714315473099976472e+01
1.697275773503902840e+01
1.728994839301300956e+01
1.784941093558332881e+01
1.812023665876801459e+01
1.807763577300798019e+01
1.801226278354267407e+01
1.783091778815275674e+01
1.750502344580223024e+01
1.739906172183748723e+01
1.772572220302653889e+01
1.771839871822816193e+01
1.842646077345817801e+01
1.946701117437877215e+01
2.059189322795880983e+01
2.191140140210067244e+01
2.360726354936374705e+01
2.459968304504706182e+01
2.449972422366579750e+01
2.401238826762300960e+01
2.334041726544652917e+01
2.283754914512067913e+01
2.304540728699638308e+01
2.223978987811951313e+01
2.018240941261797872e+01
1.831184893700688932e+01
1.696069952032616257e+01
1.618404940260321823e+01
1.617810047977867427e+01
1.526015918362934976e+01
1.654911456379424095e+01
1.676218552875809564e+01
1.661050499202850617e+01
1.721890188257103915e+01
1.786495512686907716e+01
1.782208179784054281e+01
1.599806849652082263e+01
1.606025931141470764e+01
1.636417137686250811e+01
1.672032759611641239e+01
1.781057073952647229e+01
1.972317237200284623e+01
2.176438765873742653e+01
2.362597441271227083e+01
2.538072517245013771e+01
2.551122805974325658e+01
2.407376646092159334e+01
2.320196009596579501e+01
2.305389666885948330e+01
2.278767699696697591e+01
2.293915256017205806e+01
2.250128539790924620e+01
2.130342130069085371e+01
1.933549407919083407e+01
1.800111113868371504e+01
1.744106578554872655e+01
1.782798506637252345e+01
1.905000646180665669e+01
1.950350600517464983e+01
1.899952769536880481e+01
1.828683714141251926e+01
1.725122815495256745e+01
1.614242400340324224e+01
1.536030920544813760e+01
1.515821159628317005e+01
1.589565785126469244e+01
1.738209064659349323e+01
1.908149033855384502e+01
2.002933140730131711e+01
1.965804245580793008e+01
1.890558253007881362e+01
1.927568686208082482e+01
2.061650469663470986e+01
2.118338985315166312e+01
1.960802705802089108e+01
1.758240272539764604e+01
1.665273316374355161e+01
1.607521578653093997e+01
1.550418678052369259e+01
1.541445253855923880e+01
1.528365670906632268e+01
1.551651991767052863e+01
1.596403676796343696e+01
1.664150585220694367e+01
1.738062977203287574e+01
1.771021160170610642e+01
1.754208078989811881e+01
1.731349541361862521e+01
1.708425657399325814e+01
1.647327523672619876e+01
1.597713773915613089e+01
1.596479062216831579e+01
1.631602957638214235e+01
1.731110510808998626e+01
1.853650043222572563e+01
1.893406778150084335e+01
1.834399494008805576e+01
1.796212446081301906e+01
1.766900825947596942e+01
1.836295091667636825e+01
1.705009138057652507e+01
1.601326672802885653e+01
1.533008943260101908e+01
1.537111443594605831e+01
1.436673346881507918e+01
1.342405542865095036e+01
1.289213757950003192e+01
1.340074410653836168e+01
1.520202440626109208e+01
1.709841804003836430e+01
1.792847487206091373e+01
1.739344401066186663e+01
1.673339580019811379e+01
1.657749424235388958e+01
1.672078467835315152e+01
1.615893452744624170e+01
1.585278697730876374e+01
1.653852893083264775e+01
1.664627063927687090e+01
1.661347069299323209e+01
1.674121628513038829e+01
1.764328044711641397e+01
1.948126958383160101e+01
2.146462038327805644e+01
2.369618055124702494e+01
2.684651047796224788e+01
2.832769042336086684e+01
2.662617705530175982e+01
2.491404524592292802e+01
2.423495896510598158e+01
2.390996221020957435e+01
2.205538994863730551e+01
2.109215175796903097e+01
2.036045296944259775e+01
1.945922341526496524e+01
1.872646658182857138e+01
1.830508199192367158e+01
1.851460633490902197e+01
1.921623354557486962e+01
1.925490267733203709e+01
1.866851766831207016e+01
1.809443375402842591e+01
1.595102118736709329e+01
1.542110666128428775e+01
1.530262625558141387e+01
1.591695649749755859e+01
1.713584892585482677e+01
1.881193197936982386e+01
1.971439567928518244e+01
1.883603256546088645e+01
1.740819447555375277e+01
1.883785581816953680e+01
2.021254811725108524e+01
2.010275101975095424e+01
1.861112437428457511e+01
1.781414144156474677e+01
1.750750689829977347e+01
1.676886440884508289e+01
1.620541480065853079e+01
1.644753311796215556e+01
1.741938586494568497e+01
1.678521420945364895e+01
1.760341709498999307e+01
2.398550186567193165e+01
2.516929382501654189e+01
1.830417850725613604e+01
1.883285212427878008e+01
1.928311018537774046e+01
1.859497187028981458e+01
1.747695174680355024e+01
1.642923309281975719e+01
1.544821800628016994e+01
1.542637198277786048e+01
1.893760280447946442e+01
2.132230340010292835e+01
2.190459507299127750e+01
2.185761779098169910e+01
2.160975245653884613e+01
2.158240284325116320e+01
2.140848662677052872e+01
1.924541374705118102e+01
1.649088094714249664e+01
1.559043602244205928e+01
1.638919759386685371e+01
1.592901261509869038e+01
1.676257355748336053e+01
1.905841939028355725e+01
1.975243474024303225e+01
1.862353736239375124e+01
1.799132465006462311e+01
1.756429981236497184e+01
1.711429084162242731e+01
1.697638638378358067e+01
1.726101478298985725e+01
1.750929086020861547e+01
1.739612106014419624e+01
1.717835683400079105e+01
1.715310090871331994e+01
1.731934503521875968e+01
1.750053460067160671e+01
1.776419188657685666e+01
1.838355645029832530e+01
1.846491105940917166e+01
1.820112233363979826e+01
1.862368773721512838e+01
1.938828070882298604e+01
2.027275899515591107e+01
2.125298941506126482e+01
2.260780404008524869e+01
2.334529065178506002e+01
1.514208129649071033e+01
1.779902662092274213e+01
1.761977674151767914e+01
1.691832061681964916e+01
1.602992743466239389e+01
1.596278368230598055e+01
1.608139125357644161e+01
1.646460662749069925e+01
1.680788008283132484e+01
1.658731269961696952e+01
1.561782704763896490e+01
1.525565776454763878e+01
1.577332624253263305e+01
1.581336942232461951e+01
2.325366478946385485e+01
2.340341353390784107e+01
2.372627196618096335e+01
2.383947262319143334e+01
2.422641517883515760e+01
2.607576753592502783e+01
2.902847837823829735e+01
2.808453131694585991e+01
2.612076534163284691e+01
2.395238808751948767e+01
2.173207872811375196e+01
1.936741501226479656e+01
1.751456347156864624e+01
1.561023931544565890e+01
1.468599310118180412e+01
1.806655754320293639e+01
1.762254908254578822e+01
1.672859782050551303e+01
1.686002872309979139e+01
1.821328338486875253e+01
1.803628340104339500e+01
1.858809047015147797e+01
1.871453509352427957e+01
1.692738551989058138e+01
1.802381335145156882e+01
1.368309922922230371e+01
1.321594435873259776e+01
1.383682213722299359e+01
1.549852220610938858e+01
1.730300676823831196e+01
1.735812427627033117e+01
1.829244019815902078e+01
1.820729774669953471e+01
1.932461883768006317e+01
1.954010735791995401e+01
1.855404662730583354e+01
1.780040581634064623e+01
1.731864657780601036e+01
1.720439161904156933e+01
1.742240329116711450e+01
1.764920208960390724e+01
1.768799738393228083e+01
1.739845564520136278e+01
1.703243881099193402e+01
1.832395832830341220e+01
1.874892330541572250e+01
1.883949501897201984e+01
1.944692895022599899e+01
2.003219899998471121e+01
2.124360908137758841e+01
2.189985794343345660e+01
2.170980931275152770e+01
2.191863711946936277e+01
2.176444309514858588e+01
2.078486806120044506e+01
1.904240781739805755e+01
1.727386935576322102e+01
1.660240311428649562e+01
1.925594646184343617e+01
1.823837577858398618e+01
1.969339996116127622e+01
2.026554780654931065e+01
1.944417064929817229e+01
1.875435616395898109e+01
1.866408501610315440e+01
1.821745693094304031e+01
1.798386304551907955e+01
1.919950289540703281e+01
2.820941116138525828e+01
2.635563487160514029e+01
2.378152518398221460e+01
2.070974458295188825e+01
1.929959632620401067e+01
1.915667214793945661e+01
1.925739740927739518e+01
1.923876061883324695e+01
1.876023619839783407e+01
1.827188354706644446e+01
1.796998075652097882e+01
1.774884860361472150e+01
1.761957662113139378e+01
1.716424622947229395e+01
1.677361810635100881e+01
1.636938352345827141e+01
1.620977010695241205e+01
1.675460834030480228e+01
2.358780800519635079e+01
2.422844226297595327e+01
2.514861046848072235e+01
2.611116221835595042e+01
2.865875895348759528e+01
1.788034891313661490e+01
1.693751111891542749e+01
1.672620255065401551e+01
2.988024746013157440e+01
2.984755925764894258e+01
1.786211431362011126e+01
1.705205473919897585e+01
1.887358999360994005e+01
1.791507002642416779e+01
1.932460869891571775e+01
1.934067415289190706e+01
2.116658452764329112e+01
1.690642067509442725e+01
1.682751053277780429e+01
1.701346854243789153e+01
1.598232012877223340e+01
1.437601042869222034e+01
2.376079437621348589e+01
2.743147773302342785e+01
2.754586405020538464e+01
1.748736997866102527e+01
1.987534522771728618e+01
2.026351984254423400e+01
1.959545881226271646e+01
1.876229508123229550e+01
1.841881436518652393e+01
1.817233038159943703e+01
1.758130954143502578e+01
2.011407980823009467e+01
2.052582195280697874e+01
2.068093479129453272e+01
1.976840296147346265e+01
1.846226949545059171e+01
2.091832651569932011e+01
1.934627329082729474e+01
1.868985515820896737e+01
2.314537314712926275e+01
2.318927430506073506e+01
2.321225639828305987e+01
1.898812029051091343e+01
1.770799622009490548e+01
1.771017562922952493e+01
2.187484626569115420e+01
2.268562442650815569e+01
1.742711598829493624e+01
1.697760217878608913e+01
1.779696180927367521e+01
1.818747259529168048e+01
1.836925076880011432e+01
1.785823035995332475e+01
1.917851515617178748e+01
1.925852891384022314e+01
1.792428097212370730e+01
1.754173951680527210e+01
1.711543212278191817e+01
1.768389059441639333e+01
2.416628461991336962e+01
2.098621184745340784e+01
1.981113295941714014e+01
1.748124161004494326e+01
1.907834753304042863e+01
1.902219398191203936e+01
1.949244936910429260e+01
1.938954295197869371e+01
1.810152520295972067e+01
1.845989100963064544e+01
