2.545352608049909193e+01
2.554086575119840319e+01
2.497412237530544132e+01
2.548948220209295101e+01
2.681716904939518642e+01
2.791755896800535197e+01
2.799403570895892557e+01
2.784525931251206288e+01
2.778961114513988662e+01
2.743541824654499806e+01
2.677269698491207706e+01
2.547801417636491195e+01
2.425922161464438886e+01
2.368029515942433250e+01
2.362825464953552768e+01
2.377532054915470283e+01
2.364848215167886281e+01
2.331237820138802164e+01
2.264925890629478289e+01
2.172670987828607281e+01
2.084396958516810372e+01
2.057032452751132823e+01
2.088315672793495636e+01
2.163742500941221536e+01
2.311889709242868918e+01
2.376431508847264240e+01
2.353109253929727629e+01
2.407337521043785600e+01
2.494630199932964842e+01
2.554570381940889945e+01
2.581185481115678115e+01
2.573846915596122642e+01
2.561361861864086009e+01
2.594740577278377458e+01
2.645282893530581347e+01
2.663377765021351706e+01
2.609127504309673284e+01
2.495498188736532796e+01
2.462990257565723340e+01
2.497881437747316014e+01
2.452054446530084419e+01
2.439842582431685969e+01
2.050348780240043922e+01
2.048424320723231062e+01
2.114189240838151207e+01
2.220045726273588471e+01
2.267302139799752325e+01
2.280797784388534666e+01
2.278338577547216914e+01
2.237749769846362469e+01
2.172302250587706851e+01
2.106428412527584015e+01
2.038133017039358563e+01
1.968639151268482479e+01
1.905309755128964966e+01
1.848467918983108405e+01
1.866511126709973922e+01
1.954793607873327588e+01
2.034821387900714740e+01
2.074735982153643121e+01
2.090205972695246217e+01
2.127549074121429484e+01
2.186959261343073635e+01
2.239395327468822217e+01
2.242109467359054520e+01
2.178880145785401012e+01
2.163675100318246081e+01
2.187571507089888456e+01
2.206616170325616366e+01
2.252139330981857057e+01
2.212486020000270415e+01
2.122797678530638876e+01
2.058910593315296822e+01
2.006009861581736331e+01
1.968285777673557035e+01
1.971793543968203011e+01
1.940416436095252450e+01
1.858966468400232230e+01
1.836471185943042173e+01
1.866208914461907042e+01
1.904256788787294497e+01
1.990747530937225207e+01
2.128627296082634146e+01
2.274618308405066358e+01
2.417600656140452386e+01
2.549366058716692862e+01
2.496897805587580166e+01
2.309765534035373591e+01
2.179773237814762155e+01
2.093107340832967722e+01
2.046504932244869224e+01
2.014940219314150482e+01
1.988690465544042141e+01
2.024490846538221334e+01
2.116436089391598330e+01
2.166083652148922667e+01
2.174033830324262340e+01
2.180575087035118997e+01
2.149483413819098487e+01
2.085140890701258698e+01
2.973926165182940906e+01
2.848366105738769249e+01
2.985340944539054320e+01
3.525512176253927521e+01
4.161815200299966477e+01
4.411818571246593024e+01
4.419611642069931179e+01
4.328658984029804913e+01
4.097140704197373395e+01
3.703858708752488127e+01
3.128817236431645910e+01
2.628339711532288447e+01
2.417390541229336520e+01
2.442624437497169509e+01
2.534366991756286325e+01
2.574434265009490375e+01
2.552686800483883545e+01
2.440034307509294464e+01
2.226602851086204282e+01
2.015080167304550329e+01
1.931126994056732826e+01
1.983825991528120980e+01
2.132476840162274456e+01
2.408686088918380719e+01
2.520969813260573389e+01
2.454553018236184059e+01
2.566877112799895855e+01
2.801865612845620745e+01
3.058062418263368443e+01
3.241174678824744149e+01
3.274392214175934157e+01
3.263058507642116979e+01
3.359502762050904323e+01
3.465080194670174052e+01
3.426194811404966600e+01
3.146289927061546976e+01
2.699342355593032394e+01
2.422065496492030690e+01
2.345089454866294787e+01
2.314189886947956154e+01
2.473758313902226291e+01
2.857966326997612683e+01
2.066505517673290626e+01
2.165902682931301726e+01
2.336965046556096937e+01
2.476819486153083361e+01
2.513001593100235098e+01
2.439280977749348267e+01
2.325945902523506703e+01
2.207963640441656494e+01
2.087235757935077629e+01
1.981063925364711409e+01
1.878259893400622005e+01
1.779215281015012451e+01
1.693294544709739213e+01
1.721300318479476132e+01
1.883407973974041028e+01
2.056766391935948235e+01
2.157411030842303035e+01
2.217852280042717084e+01
2.317958483589292484e+01
2.445545252208813736e+01
2.531293173119166795e+01
2.470590791215223803e+01
2.286449503077117029e+01
2.201609523975763594e+01
2.215170003149452072e+01
2.303504900250428022e+01
2.318686966947906214e+01
2.244065106097206197e+01
2.136850346533250544e+01
2.018533811368836339e+01
1.927296011910233986e+01
1.894798454874149485e+01
1.801906340411418839e+01
1.652931516998621930e+01
1.587528455105920067e+01
1.611141273379646321e+01
1.693873820106504979e+01
1.862728077881283184e+01
2.126138423625500451e+01
2.400438164638567073e+01
2.693295761381936160e+01
3.036191137962147479e+01
2.943961466060641641e+01
2.552363309849026862e+01
2.280535616766142581e+01
2.093619476328652240e+01
2.015003403226144840e+01
1.971398161304405505e+01
1.928562684909251601e+01
1.982402717278854709e+01
2.119669731516895439e+01
2.194193435471025211e+01
2.206844922903832540e+01
2.220684863959475308e+01
2.174345345397969709e+01
2.071795078415903291e+01
2.036954403260412505e+01
2.141430594290546807e+01
2.009144543665766136e+01
2.953233596800941996e+01
3.440735065816618032e+01
3.687380585638702968e+01
3.805145702983710976e+01
3.735111450352916762e+01
3.469540163430354340e+01
3.089264393352912919e+01
2.590634095076157450e+01
2.100568740575213056e+01
1.878928259681613611e+01
1.904865704741926535e+01
2.034379491960778097e+01
2.192198212466362861e+01
2.282782461953644315e+01
2.260563046680523769e+01
2.105814678624590286e+01
1.904401694524009514e+01
1.777016954694538953e+01
1.801072157518348860e+01
1.925745532788752357e+01
1.985484064899846501e+01
1.945113370538249598e+01
2.025865428862767814e+01
2.211193588456709946e+01
2.441595714388366289e+01
2.650253515557013984e+01
2.767350322906460036e+01
2.810631330414617324e+01
2.848854347168164836e+01
2.817466661451575050e+01
2.665364667695614997e+01
2.394249558842452785e+01
1.999617868139235455e+01
1.745586335375923426e+01
1.693468479602590193e+01
1.746834363049427097e+01
1.977361377029116341e+01
2.318702450041503837e+01
2.427898772629257707e+01
1.991361239432755426e+01
1.937869860236726183e+01
1.791753413960566022e+01
1.937776924475695139e+01
1.906851409836191280e+01
1.992881035187589234e+01
2.134203901063840192e+01
2.219236377066700783e+01
2.169074746057882663e+01
2.046696842659897797e+01
1.939313895314318970e+01
1.713302482946164318e+01
1.579982862676253141e+01
1.494284390570357779e+01
1.496002252643371300e+01
1.591655859301079445e+01
1.785302018033810612e+01
2.030533218862014522e+01
2.161326420593750086e+01
2.294109696906555484e+01
2.515408896687863560e+01
2.533275735478248336e+01
2.351678696482101216e+01
2.145715261028120580e+01
1.991744350319928003e+01
1.950546185462792792e+01
1.932091170271196034e+01
1.895143127332351440e+01
1.912321883854394144e+01
1.967873242037374837e+01
1.981713590952952586e+01
1.992267670213264807e+01
2.040249335347235515e+01
2.022666066291758824e+01
1.949978630712960381e+01
1.957647108670648350e+01
2.044210904248894067e+01
2.171924720380793872e+01
2.303090743053055434e+01
2.419938283476931318e+01
2.387741413630754295e+01
2.210103964517544384e+01
2.088716452086537245e+01
1.999788433366459017e+01
1.913621792823950685e+01
1.867531289923547533e+01
1.825693768276973827e+01
1.759750420460673226e+01
1.683948575518131818e+01
1.683753980946264761e+01
1.812823108726431798e+01
2.005545316594283278e+01
2.155497494760403399e+01
2.259110735058396813e+01
2.396566081449823571e+01
2.489322909625920843e+01
2.480533217032679971e+01
2.393727805783675322e+01
2.257553282860585853e+01
2.026807756180533460e+01
1.789016436162858170e+01
1.603270811433043619e+01
1.677231153197003977e+01
1.830739008128225009e+01
1.866471175724986509e+01
1.797885609043594712e+01
1.730893185992304595e+01
1.689887653725499561e+01
1.684568264950596728e+01
1.763980967541832356e+01
1.923062530379478474e+01
2.120118146698930417e+01
2.310373739242425017e+01
2.448232051845209156e+01
2.492938051729128546e+01
2.472069937572228326e+01
2.403238549506485100e+01
2.269804809008958202e+01
2.085750904446340925e+01
1.825772024121555503e+01
1.632756942294636460e+01
1.727020281996149720e+01
1.936606974695220273e+01
2.211748555371662661e+01
2.286232785420510893e+01
2.517246847040701851e+01
2.704063247558037375e+01
2.800519502894804091e+01
2.913883320384233500e+01
2.955915720255748624e+01
2.832525070374273568e+01
2.576390911374223336e+01
2.226992812770896535e+01
1.851380013955193959e+01
1.629691514683368325e+01
1.617368477199417143e+01
1.752513494385900827e+01
1.962494038547388442e+01
2.107234632218503734e+01
2.124333620611143303e+01
2.041922390756344541e+01
1.895118131438585252e+01
1.758132406245188051e+01
1.760944869291001424e+01
1.893676754550210006e+01
1.972620016481292637e+01
1.923052492391993695e+01
1.802679498369458955e+01
1.666871778588448549e+01
2.143030981166501903e+01
1.802751032093176775e+01
1.604895387041746346e+01
1.702713489194105989e+01
1.728537722737820559e+01
1.936176220359812561e+01
2.106646518268975399e+01
2.133604802636752851e+01
2.045063183952631647e+01
1.940890872519917565e+01
1.833421987369250772e+01
1.725482609828792135e+01
1.811908165873470011e+01
1.808241203977045330e+01
1.729495747610110001e+01
1.645741318197033820e+01
1.588120968892880569e+01
1.591884709423709943e+01
1.676517613385042083e+01
1.879541755994882379e+01
2.068323577019147663e+01
2.002817546636051205e+01
2.002433937069681136e+01
2.182861553517925657e+01
2.293816796304673389e+01
2.231657938987335754e+01
2.065685241223962620e+01
1.949483427812701919e+01
1.941582086736383772e+01
1.923636367457630669e+01
1.869122656561454932e+01
1.863730557666379539e+01
1.887446838417698203e+01
1.868599321691651483e+01
1.872771449478761241e+01
1.949545574721925689e+01
1.941218949014442074e+01
1.867733665464698944e+01
1.889992969455391503e+01
2.015947165792394813e+01
2.248909467129922746e+01
2.443825582739428626e+01
2.492856083881467910e+01
2.355327891295998555e+01
2.129285592468408339e+01
1.991191937030673742e+01
1.907456012951132962e+01
1.855582520267366675e+01
1.844424209145302385e+01
1.830578233956856593e+01
1.776735060076597961e+01
1.684053844107669562e+01
1.625221240984985727e+01
1.674137346918104186e+01
2.068969089296950159e+01
2.185536961681027535e+01
2.338085460429792306e+01
2.422666355163821805e+01
2.393525053806018832e+01
2.351765244715526038e+01
2.277419323174642329e+01
2.088538539212009937e+01
1.853996733182833623e+01
1.674302147586831779e+01
1.523794011099625756e+01
1.448987052474085502e+01
1.509760259425350881e+01
1.711124929051933208e+01
1.945896505247124608e+01
2.030887730382285739e+01
1.977124477172973371e+01
1.848574318059949206e+01
1.709109811269787471e+01
1.595847274762400403e+01
1.492913028123217600e+01
1.403395869605762591e+01
1.338698348025596019e+01
1.382916493215027565e+01
1.560330556739150687e+01
1.786110944507491638e+01
1.884115678819802042e+01
1.845100973346808360e+01
1.905573679310284163e+01
1.720020096808579879e+01
1.603395294978460583e+01
1.587826120741809355e+01
1.617681154767119622e+01
1.695334302027269047e+01
1.835102157249028210e+01
2.031660302863321022e+01
2.223651347461361993e+01
2.336819453077645647e+01
2.345793063517557187e+01
2.307990281693949441e+01
2.254278241973086949e+01
2.166541677489715667e+01
2.085599699162711929e+01
1.973121345466348586e+01
1.888683720098335783e+01
1.882152507691624876e+01
1.739417239948181759e+01
1.689862374346526508e+01
1.743838587874908086e+01
1.856198103146370926e+01
2.024076272112960950e+01
2.183224167932060666e+01
2.196955512953515566e+01
1.975886303344713468e+01
1.759352653958234214e+01
1.659380765838930571e+01
1.622332339790510503e+01
1.717977658677080655e+01
1.959086210109239801e+01
2.177911279427098634e+01
2.272920773396455374e+01
2.332291028115496800e+01
2.391675921981060782e+01
2.473803761797111989e+01
2.502649367262102942e+01
2.338219273227901596e+01
2.037230450675279059e+01
1.753835916882161072e+01
1.554801053098203134e+01
1.652104083010465629e+01
1.834336276111853792e+01
1.970813672986815490e+01
1.999095671090364235e+01
1.947632610649565521e+01
1.854187622840972693e+01
1.772094746880445726e+01
1.785186245335952648e+01
1.897878912613735025e+01
1.968848932150145714e+01
1.975233213396110798e+01
1.939900356514595714e+01
1.857281937333127786e+01
1.728369938782069681e+01
1.619710413964979523e+01
1.514722529212548885e+01
1.452401993737193564e+01
1.632002424103118798e+01
1.556854059141890012e+01
1.632973729716337274e+01
1.734715396454977210e+01
1.793512766393817515e+01
1.821208969377007847e+01
1.835470660691873590e+01
1.842375254061005663e+01
1.863084943712168950e+01
1.920296345538606886e+01
2.091319158517569932e+01
2.163312576313428437e+01
1.894324888330835321e+01
1.786181231853633733e+01
1.966576025171706021e+01
2.157753259053173167e+01
2.159406512090553676e+01
2.007175324031105035e+01
1.910563781032349695e+01
1.895504115737237782e+01
1.853223901998701351e+01
1.806023093004174740e+01
1.814654801269103856e+01
1.841833674404700005e+01
1.814743246085106065e+01
1.804602313996309704e+01
1.867293976614958240e+01
1.881290539596866296e+01
1.901815514330235501e+01
2.049006341455350011e+01
2.316911943582276123e+01
2.508957094434494905e+01
2.498067043920006469e+01
2.326890123801778998e+01
2.124775912325818439e+01
2.014592218236303722e+01
1.977233278423245721e+01
1.969732862649832583e+01
1.952935303471247863e+01
1.903015374137357085e+01
1.818838173259215196e+01
1.696250620524684649e+01
1.588672111752372018e+01
1.581295863656039913e+01
1.615377576448475594e+01
1.634625316872472922e+01
1.698955447378121519e+01
1.814133224764866625e+01
1.944610868071640297e+01
2.072249034913731691e+01
2.244615378201479317e+01
2.329802745236609951e+01
2.285955033417791427e+01
2.255699315512778824e+01
1.854223094332315469e+01
1.837492069557881891e+01
1.637297265254237288e+01
1.568411467983487917e+01
1.561463439534819742e+01
1.528938215899573727e+01
1.587637097475146675e+01
1.709467252247289437e+01
1.817419387950885223e+01
1.935565003221201863e+01
2.032668239950228894e+01
2.082694096219364255e+01
2.110587789045693086e+01
2.126961277223451319e+01
2.214577805313517445e+01
2.190896435639551143e+01
1.842632295564876799e+01
1.630807740930507777e+01
1.738535700579992493e+01
2.011460463428244694e+01
2.095827798611632886e+01
1.928283662810713039e+01
1.833454577533193586e+01
1.803344265342369113e+01
1.758712550828654031e+01
1.737907236439384207e+01
1.769195583131525851e+01
1.820003296134288817e+01
1.828275213167099267e+01
1.823610893206879524e+01
1.850228899450091546e+01
1.849016715048811577e+01
1.799044622715420516e+01
1.764001689489404612e+01
1.832912926837363088e+01
1.909685058939231084e+01
1.997958594345888628e+01
2.146400301829912394e+01
2.380353860467655736e+01
2.518640634319185878e+01
2.489755093722358836e+01
2.356420785335037493e+01
2.206739513306596479e+01
2.144993362220391120e+01
2.157550943706155167e+01
2.181648305098626750e+01
2.111987730324163692e+01
1.973633005137374496e+01
1.836117494951441387e+01
1.702735964861128792e+01
1.595143805267523263e+01
1.570933572303238179e+01
1.600253553103400961e+01
1.631113984945438844e+01
1.657565447922348412e+01
1.701443897991315879e+01
1.754108429283458648e+01
1.823923852906808918e+01
1.927925776241740863e+01
2.075682939029920604e+01
2.118176296837340900e+01
2.048504631145078392e+01
2.046961608195718085e+01
1.568964036657226480e+01
1.574207250615116038e+01
1.620030687585594364e+01
1.687474028442329299e+01
1.814328623508402316e+01
2.005310580952867028e+01
2.201317622119178807e+01
2.328081656239521635e+01
2.364892755139043956e+01
2.331477051040683435e+01
2.260826881013569434e+01
2.199121021748603155e+01
2.179266397534152944e+01
2.132560491099938460e+01
2.046790182663017532e+01
2.047539971075343601e+01
2.117318085515952575e+01
1.903309080157490740e+01
1.766745277544706383e+01
1.724188541733857605e+01
1.774199336580890574e+01
1.911229767555430570e+01
2.029025719901447289e+01
2.043194357013090112e+01
1.975677182247624231e+01
1.822805013759439774e+01
1.668212135710951216e+01
1.575678595403219084e+01
1.545494497080451879e+01
1.632938540451955589e+01
1.825447397788869708e+01
2.014829218146693890e+01
2.115111309636611026e+01
2.122051829071687479e+01
2.097955097279776737e+01
2.171051407736834449e+01
2.294709178307137876e+01
2.229030869436445528e+01
1.953296015591899604e+01
1.716415165061021497e+01
1.576538176470884700e+01
1.486187429379840097e+01
1.479890948625470237e+01
1.476891528722833158e+01
1.538074119354812730e+01
1.653601288111439160e+01
1.789329659248063464e+01
1.888113505503330458e+01
1.904190911969024214e+01
1.862315198106069403e+01
1.805096597881401266e+01
1.751240364917260806e+01
1.739908517222806950e+01
1.777780040273687945e+01
1.797946958495736780e+01
1.847271803140391810e+01
1.930354059932360045e+01
1.912178648632058042e+01
1.823963415839430269e+01
1.794314068782633953e+01
1.736142345727582281e+01
1.654940688176917618e+01
1.791679730400506543e+01
1.966668806427439975e+01
2.110692096539747098e+01
2.159844880388683919e+01
2.166378154106478249e+01
2.127911662317169927e+01
2.141997965621298050e+01
2.133537846306072439e+01
1.862269272817541577e+01
1.590061032433023769e+01
1.908291469613012126e+01
2.027419259984021949e+01
1.872492567358676396e+01
1.784784776626644387e+01
1.749740720174597897e+01
1.714315472448095079e+01
1.697275772858500886e+01
1.728994838643837539e+01
1.784941092879595459e+01
1.812023665187765786e+01
1.807763576613382028e+01
1.801226277669337250e+01
1.783091778137241334e+01
1.750502343914581260e+01
1.739906171522136091e+01
1.772572219628619905e+01
1.771839871149060741e+01
1.842646076645137754e+01
1.946701116697629175e+01
2.059189322012858625e+01
2.191140139376869556e+01
2.360726354038690644e+01
2.459968303569284487e+01
2.449972421434959102e+01
2.401238825849211622e+01
2.334041725657115762e+01
2.283754913643652884e+01
2.304540727823319202e+01
2.223978986966266191e+01
2.018240940494346347e+01
1.831184893004366998e+01
1.696069951387672603e+01
1.618404939644911167e+01
1.617810047362682724e+01
1.526015917782655862e+01
1.654911455750131566e+01
1.676218552238414716e+01
1.661050498571223599e+01
1.721890187602341982e+01
1.786495512007579123e+01
1.782208179106356027e+01
1.599806849043743462e+01
1.606025930530767099e+01
1.636417137063990879e+01
1.672032758975838007e+01
1.781057073275386671e+01
1.972317236450296107e+01
2.176438765046135160e+01
2.362597440372831414e+01
2.538072516279892454e+01
2.551122805004241911e+01
2.407376645176735863e+01
2.320196008714307112e+01
2.305389666009306282e+01
2.278767698830178645e+01
2.293915255144927201e+01
2.250128538935296163e+01
2.130342129259006612e+01
1.933549407183836522e+01
1.800111113183865541e+01
1.744106577891662724e+01
1.782798505959329560e+01
1.905000645456274810e+01
1.950350599775829252e+01
1.899952768814408799e+01
1.828683713445881054e+01
1.725122814839265573e+01
1.614242399726496302e+01
1.536030919960726315e+01
1.515821159051914435e+01
1.589565784522024749e+01
1.738209063998382220e+01
1.908149033129796379e+01
2.002933139968500953e+01
1.965804244833281089e+01
1.890558252288982288e+01
1.927568685475109689e+01
2.061650468879512843e+01
2.118338984509651723e+01
1.960802705056478956e+01
1.758240271871180482e+01
1.665273315741122317e+01
1.607521578041821542e+01
1.550418677462810813e+01
1.541445253269777638e+01
1.528365670325459647e+01
1.551651991177025458e+01
1.596403676189298970e+01
1.664150584587888559e+01
1.738062976542375893e+01
1.771021159497166408e+01
1.754208078322760755e+01
1.731349540703503820e+01
1.708425656749684052e+01
1.647327523046211084e+01
1.597713773308070273e+01
1.596479061609758254e+01
1.631602957017784661e+01
1.731110510150730519e+01
1.853650042517708130e+01
1.893406777430102039e+01
1.834399493311261153e+01
1.796212445398278490e+01
1.766900825275719455e+01
1.836295090969371557e+01
1.705009137409309616e+01
1.601326672193969003e+01
1.533008942677163589e+01
1.537111443010107514e+01
1.436673346335201984e+01
1.342405542354635095e+01
1.289213757459769916e+01
1.340074410144262629e+01
1.520202440048040593e+01
1.709841803353656076e+01
1.792847486524347289e+01
1.739344400404787550e+01
1.673339579383511122e+01
1.657749423605017114e+01
1.672078467199494511e+01
1.615893452130168484e+01
1.585278697128062042e+01
1.653852892454374768e+01
1.664627063294700093e+01
1.661347068667583216e+01
1.674121627876441210e+01
1.764328044040742327e+01
1.948126957642369916e+01
2.146462037511597032e+01
2.369618054223637316e+01
2.684651046775365657e+01
2.832769041258904608e+01
2.662617704517695216e+01
2.491404523644917290e+01
2.423495895589045546e+01
2.390996220111762938e+01
2.205538994025057420e+01
2.109215174994858089e+01
2.036045296170038199e+01
1.945922340786544780e+01
1.872646657470768972e+01
1.830508198496302441e+01
1.851460632786870164e+01
1.921623353826775116e+01
1.925490267001021394e+01
1.866851766121322242e+01
1.809443374714787822e+01
1.595102118130159674e+01
1.542110665542029402e+01
1.530262624976247388e+01
1.591695649144501523e+01
1.713584891933879106e+01
1.881193197221644198e+01
1.971439567178863328e+01
1.883603255829834211e+01
1.740819446893415545e+01
1.883785581100629969e+01
2.021254810956510894e+01
2.010275101210672943e+01
1.861112436720755170e+01
1.781414143479078405e+01
1.750750689164241081e+01
1.676886440246859422e+01
1.620541479449629918e+01
1.644753311170785537e+01
1.741938585832183151e+01
1.678521420307094303e+01
1.760341708829615825e+01
2.398550185655126299e+01
2.516929381544572664e+01
1.830417850029583349e+01
1.883285211711744367e+01
1.928311017804519167e+01
1.859497186321893381e+01
1.747695174015780495e+01
1.642923308657241677e+01
1.544821800040586801e+01
1.542637197691186479e+01
1.893760279727829499e+01
2.132230339199496072e+01
2.190459506466188699e+01
2.185761778267017519e+01
2.160975244832157216e+01
2.158240283504429158e+01
2.140848661862978730e+01
1.924541373973296743e+01
1.649088094087171186e+01
1.559043601651367794e+01
1.638919758763473666e+01
1.592901260904156224e+01
1.676257355110926284e+01
1.905841938303644767e+01
1.975243473273202000e+01
1.862353735531200982e+01
1.799132464322328318e+01
1.756429980568601223e+01
1.711429083511458771e+01
1.697638637732817912e+01
1.726101477642622584e+01
1.750929085355057424e+01
1.739612105352918903e+01
1.717835682746859050e+01
1.715310090219072237e+01
1.731934502863294512e+01
1.750053459401689437e+01
1.776419187982188674e+01
1.838355644330783889e+01
1.846491105238774821e+01
1.820112232671868213e+01
1.862368773013333012e+01
1.938828070145044435e+01
2.027275898744704108e+01
2.125298940697965477e+01
2.260780403148845963e+01
2.334529064290783396e+01
1.514208129073281839e+01
1.779902661415452769e+01
1.761977673481762352e+01
1.691832061038632773e+01
1.602992742856689290e+01
1.596278367623601113e+01
1.608139124746136872e+01
1.646460662122990826e+01
1.680788007644000004e+01
1.658731269330951719e+01
1.561782704170016700e+01
1.525565775874655827e+01
1.577332623653470556e+01
1.581336941631146509e+01
2.325366478062147024e+01
2.340341352500851357e+01
2.372627195715886828e+01
2.383947261412629359e+01
2.422641516962287866e+01
2.607576752600951764e+01
2.902847836719999819e+01
2.808453130626650207e+01
2.612076533170022685e+01
2.395238807841140982e+01
2.173207871984996231e+01
1.936741500490018808e+01
1.751456346490860128e+01
1.561023930950974581e+01
1.468599309559734323e+01
1.806655753633299000e+01
1.762254907584468100e+01
1.672859781414433655e+01
1.686002871668863534e+01
1.821328337794301433e+01
1.803628339418495941e+01
1.858809046308321555e+01
1.871453508640793473e+01
1.692738551345381381e+01
1.802381334459787610e+01
1.368309922401920176e+01
1.321594435370713505e+01
1.383682213196143707e+01
1.549852220021595706e+01
1.730300676165871110e+01
1.735812426966977284e+01
1.829244019120318043e+01
1.820729773977607024e+01
1.932461883033172967e+01
1.954010735048968073e+01
1.855404662025051721e+01
1.780040580957190599e+01
1.731864657122046225e+01
1.720439161249946736e+01
1.742240328454211351e+01
1.764920208289266412e+01
1.768799737720628684e+01
1.739845563858546740e+01
1.703243880451521974e+01
1.832395832133558855e+01
1.874892329828630011e+01
1.883949501180815744e+01
1.944692894283115692e+01
2.003219899236731649e+01
2.124360907329954529e+01
2.189985793510586731e+01
2.170980930449620772e+01
2.191863711113463253e+01
2.176444308687248963e+01
2.078486805329684017e+01
1.904240781015703732e+01
1.727386934919470107e+01
1.660240310797330565e+01
1.925594645452121512e+01
1.823837577164870538e+01
1.969339995367271001e+01
2.026554779884318336e+01
1.944417064190437827e+01
1.875435615682749457e+01
1.866408500900599421e+01
1.821745692401571404e+01
1.798386303868057823e+01
1.919950288810627725e+01
2.820941115065841487e+01
2.635563486158320856e+01
2.378152517493910878e+01
2.070974457507685074e+01
1.929959631886519134e+01
1.915667214065498669e+01
1.925739740195462346e+01
1.923876061151756289e+01
1.876023619126411290e+01
1.827188354011842009e+01
1.796998074968775683e+01
1.774884859686558514e+01
1.761957661443141632e+01
1.716424622294545799e+01
1.677361809997271180e+01
1.636938351723368967e+01
1.620977010078852487e+01
1.675460833393373505e+01
2.358780799622690694e+01
2.422844225376290339e+01
2.514861045891777280e+01
2.611116220842698255e+01
2.865875894258988410e+01
1.788034890633747764e+01
1.693751111247480878e+01
1.672620254429374853e+01
2.988024744876938144e+01
2.984755924629918056e+01
1.786211430682790535e+01
1.705205473271480088e+01
1.887358998643311381e+01
1.791507001961182510e+01
1.932460869156738781e+01
1.934067414553747000e+01
2.116658451959453657e+01
1.690642066866563198e+01
1.682751052637901523e+01
1.701346853596838926e+01
1.598232012269483526e+01
1.437601042322563316e+01
2.376079436717826354e+01
2.743147772259240114e+01
2.754586403973085851e+01
1.748736997201131871e+01
1.987534522015953442e+01
2.026351983483887764e+01
1.959545880481139335e+01
1.876229507409778918e+01
1.841881435818262958e+01
1.817233037468927037e+01
1.758130953474960023e+01
2.011407980058156397e+01
2.052582194500187995e+01
2.068093478343044822e+01
1.976840295395637526e+01
1.846226948843017368e+01
2.091832650774496827e+01
1.934627328347072606e+01
1.868985515110200879e+01
2.314537313832805765e+01
2.318927429624283576e+01
2.321225638945642089e+01
1.898812028329053447e+01
1.770799621336130514e+01
1.771017562249509680e+01
2.187484625737307553e+01
2.268562441788177253e+01
1.742711598166814113e+01
1.697760217233022573e+01
1.779696180250624593e+01
1.818747258837575487e+01
1.836925076181506711e+01
1.785823035316259677e+01
1.917851514887901132e+01
1.925852890651702154e+01
1.792428096530786163e+01
1.754173951013489230e+01
1.711543211627364514e+01
1.768389058769195898e+01
2.416628461072395595e+01
2.098621183947324198e+01
1.981113295188380619e+01
1.748124160339756727e+01
1.907834752578574111e+01
1.902219397467870365e+01
1.949244936169214171e+01
1.938954294460567240e+01
1.810152519607647648e+01
1.845989100261112981e+01
