1.560054824288654096e+01
1.565407900879902137e+01
1.530672016550978753e+01
1.562258586579890540e+01
1.643632941737124398e+01
1.711076194813231410e+01
1.715763478936192143e+01
1.706644925605577967e+01
1.703234231476315585e+01
1.681525634465661057e+01
1.640907234559127303e+01
1.561555707583655916e+01
1.486855518316914271e+01
1.451372929126007350e+01
1.448183349487661253e+01
1.457197065915933543e+01
1.449423099619027155e+01
1.428823180085072231e+01
1.388180384579357707e+01
1.331637057056243201e+01
1.277533619736109749e+01
1.260761825879726494e+01
1.279935412357303903e+01
1.326164758641393782e+01
1.416964660503693807e+01
1.456522537680581308e+01
1.442228252408542843e+01
1.475464932252642747e+01
1.528966896733107461e+01
1.565704427641190755e+01
1.582016907780576886e+01
1.577519077300849304e+01
1.569866947594117335e+01
1.590324869944812036e+01
1.621302418615517738e+01
1.632392823722763708e+01
1.599142663931735164e+01
1.529498889870778200e+01
1.509574673991894933e+01
1.530959590877387377e+01
1.502872080131342081e+01
1.495387389232323727e+01
1.256665381437446349e+01
1.255485873991657719e+01
1.295793405674995924e+01
1.360673187070909051e+01
1.389636795361138510e+01
1.397908319463940430e+01
1.396401063657971520e+01
1.371524052486480194e+01
1.331411056811820259e+01
1.291036768968519333e+01
1.249178300766058314e+01
1.206585286261327994e+01
1.167770495079043158e+01
1.132931950344485905e+01
1.143990690564177548e+01
1.198099308051394374e+01
1.247148592584308879e+01
1.271612376158684476e+01
1.281093983264828218e+01
1.303981690590553555e+01
1.340394385984464520e+01
1.372532620061536157e+01
1.374196125155549630e+01
1.335442669997503806e+01
1.326123448582150743e+01
1.340769633377673564e+01
1.352442168909248643e+01
1.380343460924363974e+01
1.356039818709843203e+01
1.301069544905875475e+01
1.261912944290020633e+01
1.229489915162999658e+01
1.206368702445083407e+01
1.208518623722446961e+01
1.189287493090638570e+01
1.139366545148529575e+01
1.125579113965090272e+01
1.143805463702459235e+01
1.167125128611567675e+01
1.220135583477654251e+01
1.304642536308711342e+01
1.394120898699879518e+01
1.481755240860277212e+01
1.562514681148940809e+01
1.530356719553678246e+01
1.415662746666841798e+01
1.335990048983241252e+01
1.282872241155689963e+01
1.254309474601694063e+01
1.234963360224801754e+01
1.218874801462477464e+01
1.240816970458909729e+01
1.297170506401302248e+01
1.327599657768694641e+01
1.332472347618096364e+01
1.336481504957008504e+01
1.317425318147189373e+01
1.277989578171739282e+01
1.822728939950834715e+01
1.745772774485052281e+01
1.829725095040065597e+01
2.160797785445955554e+01
2.550789961474172785e+01
2.704017833989847119e+01
2.708794232236409627e+01
2.653049054727944878e+01
2.511150754185486988e+01
2.270106950525718759e+01
1.917662177167783000e+01
1.610917887713338104e+01
1.481626460753464336e+01
1.497092397175684475e+01
1.553321704624820754e+01
1.577879065650978063e+01
1.564549974490122253e+01
1.495504898150857898e+01
1.364692070020576864e+01
1.235049134799563220e+01
1.183593964099287810e+01
1.215893349646267829e+01
1.307001934293006862e+01
1.476291473853201097e+01
1.545110530708093499e+01
1.504403462789919210e+01
1.573247262683807257e+01
1.717272472389251448e+01
1.874296320871096810e+01
1.986526416053875366e+01
2.006885550623959702e+01
1.999939085329039301e+01
2.059050079966683100e+01
2.123758828991396896e+01
2.099925852151431016e+01
1.928371245618367524e+01
1.654435637298955442e+01
1.484491755914470268e+01
1.437312891692245032e+01
1.418374446839069947e+01
1.516174450456203182e+01
1.751656781063053003e+01
1.266567897928791098e+01
1.327488741151443108e+01
1.432333415631156370e+01
1.518050652803502665e+01
1.540226782867886079e+01
1.495043179910890885e+01
1.425579746707955842e+01
1.353268037690047443e+01
1.279273529056982994e+01
1.214200470384823305e+01
1.151191547568123141e+01
1.090486785138233472e+01
1.037825688693065906e+01
1.054990517777743442e+01
1.154346822758283331e+01
1.260598756347839178e+01
1.322284180193669556e+01
1.359328816800375073e+01
1.420684231877308434e+01
1.498882573934434248e+01
1.551437751266586140e+01
1.514233065583524329e+01
1.401372276079523260e+01
1.349373579210951846e+01
1.357684840639986668e+01
1.411825584024455971e+01
1.421130721677748987e+01
1.375394742446674812e+01
1.309682470455863346e+01
1.237165884387351156e+01
1.181245942783691660e+01
1.161328085245446395e+01
1.104394208639256547e+01
1.013087058805607121e+01
9.730013111939509685e+00
9.874736836842991750e+00
1.038180728452373991e+01
1.141672047733689510e+01
1.303117098351113157e+01
1.471236294455895965e+01
1.650729660201831805e+01
1.860891342621961186e+01
1.804363479198457654e+01
1.564351706036500289e+01
1.397747636082474365e+01
1.283186130653044899e+01
1.235002085848282327e+01
1.208276292412377551e+01
1.182022290750831672e+01
1.215021020267685259e+01
1.299152416091000362e+01
1.344828234643531673e+01
1.352582372102349062e+01
1.361064916620323650e+01
1.332663276211658854e+01
1.269809886771037455e+01
1.248455924578962417e+01
1.312489719081302830e+01
1.231411171924179193e+01
1.810046398039287041e+01
2.108837620984379058e+01
2.260007455714043800e+01
2.332186076022274435e+01
2.289261856667916817e+01
2.126492358231507751e+01
1.893420112055011018e+01
1.587807993756354641e+01
1.287445357126743417e+01
1.151601191417763204e+01
1.167498335164406420e+01
1.246877753137250977e+01
1.343605356027770803e+01
1.399124734745782028e+01
1.385506383449353152e+01
1.290660609479587606e+01
1.167213941805038147e+01
1.089139423845039900e+01
1.103882935253181508e+01
1.180295649128590085e+01
1.216909588164422118e+01
1.192166259362153014e+01
1.241659456399760941e+01
1.355247683247660895e+01
1.496461889463837380e+01
1.624348928889782684e+01
1.696117939845894895e+01
1.722645008963797864e+01
1.746072019232101269e+01
1.726834405405804063e+01
1.633610602781183374e+01
1.467443278000212992e+01
1.225572241762757209e+01
1.069875495875565896e+01
1.037932293949974571e+01
1.070640416062552092e+01
1.211931166566232676e+01
1.421140211315760382e+01
1.488066989675996510e+01
1.220511727394269386e+01
1.187726688532186969e+01
1.098171447266153500e+01
1.187669727904458306e+01
1.168715380222181643e+01
1.221443215114974024e+01
1.308060455490740814e+01
1.360177134331203774e+01
1.329432908874186126e+01
1.254427097114130873e+01
1.188611742289421258e+01
1.050088618579907163e+01
9.683765932531873233e+00
9.158517232528000207e+00
9.169046064588403766e+00
9.755310105393713016e+00
1.094217365891690363e+01
1.244520359947686394e+01
1.324683935202621043e+01
1.406067233587888943e+01
1.541702227002239134e+01
1.552652870131829488e+01
1.441351459134190982e+01
1.315115805146267292e+01
1.220746537292859202e+01
1.195496049154614937e+01
1.184184910811378266e+01
1.161539336106925191e+01
1.172068251394628824e+01
1.206115858022907084e+01
1.214598652519551436e+01
1.221067281743613897e+01
1.250475399083789618e+01
1.239698556759464942e+01
1.195148193017620919e+01
1.199848227894913499e+01
1.252903457442870661e+01
1.331179667330164129e+01
1.411571745742195283e+01
1.483187980195538458e+01
1.463454414805946158e+01
1.354579849220430354e+01
1.280181051278845317e+01
1.225676781740732935e+01
1.172864969795324619e+01
1.144615951888625993e+01
1.118973599911693739e+01
1.078556709314606188e+01
1.032097514027242013e+01
1.031978246386420395e+01
1.111085131154909966e+01
1.229205194041657379e+01
1.321111367756376254e+01
1.384616256971275483e+01
1.468863082178924095e+01
1.525714041383628761e+01
1.520326810439384424e+01
1.467123493867413941e+01
1.383661689495197678e+01
1.242237011852584949e+01
1.096493944744977611e+01
9.826498521686396259e+00
1.027980384217518584e+01
1.122065843691492759e+01
1.143966204476604531e+01
1.101929889413815999e+01
1.060870017221089867e+01
1.035737594218854518e+01
1.032477323679397863e+01
1.081149625267574699e+01
1.178651228297099784e+01
1.299427251202570233e+01
1.416035517600195881e+01
1.500529322098676666e+01
1.527929773640433808e+01
1.515139639157172269e+01
1.472952659374942641e+01
1.391170689392587256e+01
1.278363457563886385e+01
1.119021563171275879e+01
1.000721996890261067e+01
1.058496301868608036e+01
1.186952661909973727e+01
1.355587824260051377e+01
1.401239449128700265e+01
1.542828712702365657e+01
1.657329087212990615e+01
1.716447437258105779e+01
1.785928486687111061e+01
1.811690280156749111e+01
1.736063752810038707e+01
1.579078300519685207e+01
1.364931078795065567e+01
1.134716782746731667e+01
9.988431864188386911e+00
9.912903569931911463e+00
1.074121173978455523e+01
1.202818926851625214e+01
1.291530903617792525e+01
1.302010928761668573e+01
1.251500820140985404e+01
1.161524016043003904e+01
1.077565023182534532e+01
1.079288790855775204e+01
1.160640591498515661e+01
1.209025171391759912e+01
1.178645075982189816e+01
1.104868079645797430e+01
1.021631090102597383e+01
1.313470601360113932e+01
1.104911922895817966e+01
9.836455597997801448e+00
1.043598590151226091e+01
1.059426346194148039e+01
1.186688651188272203e+01
1.291170446680984973e+01
1.307693266132203291e+01
1.253425822422580715e+01
1.189578276705755755e+01
1.123710250323088999e+01
1.057553857637001471e+01
1.110524359728901089e+01
1.108276866953672801e+01
1.060013522728777069e+01
1.008680162765923960e+01
9.733644648053138226e+00
9.756712735177577756e+00
1.027543053365025827e+01
1.151977205287186123e+01
1.267682192366574334e+01
1.227533335034999240e+01
1.227298219494320719e+01
1.337882887640018836e+01
1.405887713864154698e+01
1.367790349701915353e+01
1.266065147846944861e+01
1.194844681562623734e+01
1.190001924128751298e+01
1.179002934893386545e+01
1.145591305634440182e+01
1.142286470827781031e+01
1.156822255804395816e+01
1.145270552004560649e+01
1.147827662583756769e+01
1.194882771603760752e+01
1.189779355847561249e+01
1.144739988510622020e+01
1.158382787730723784e+01
1.235580520969532259e+01
1.378363866950597760e+01
1.497828582969327194e+01
1.527879535282189849e+01
1.443588062407225081e+01
1.305046008287088988e+01
1.220407961405896735e+01
1.169085943421662321e+01
1.137292512421934454e+01
1.130453547540669135e+01
1.121967304683234623e+01
1.088966649724366498e+01
1.032162033485345987e+01
9.961033412488621508e+00
1.026084180369160670e+01
1.268077828923937034e+01
1.339522653933533114e+01
1.433020120908582307e+01
1.484860024132664869e+01
1.466999226526269595e+01
1.441404504825644928e+01
1.395837649687683957e+01
1.280072007904134956e+01
1.136320578402381898e+01
1.026185187230638896e+01
9.339382648675126575e+00
8.880888386131491785e+00
9.253369331961827982e+00
1.048753988773765400e+01
1.192646245151463624e+01
1.244737641202046241e+01
1.211785969880209457e+01
1.132997162681904335e+01
1.047518916584708570e+01
9.780999425963099014e+00
9.150112107851979815e+00
8.601458555648221704e+00
8.204925358866557161e+00
8.475939797124363295e+00
9.563316315498020970e+00
1.094713159536849645e+01
1.154780577341169057e+01
1.130868338502882509e+01
1.167932255061141866e+01
1.054205865785903740e+01
9.827261485351854731e+00
9.731837514223993679e+00
9.914819980830733570e+00
1.039075862532842365e+01
1.124740031862307532e+01
1.245211153367841739e+01
1.362883083927931693e+01
1.432244180918556964e+01
1.437744135704309301e+01
1.414574688780162504e+01
1.381654406370601684e+01
1.327880382977567741e+01
1.278270783357791274e+01
1.209332437543891103e+01
1.157580344576399334e+01
1.153577343423899215e+01
1.066094437387595306e+01
1.035722100405935464e+01
1.068804295794298476e+01
1.137669805154227376e+01
1.240562876456330876e+01
1.338105135184166272e+01
1.346521120842477259e+01
1.211027089146759828e+01
1.078312916942143573e+01
1.017039824223860656e+01
9.943327243877321919e+00
1.052954048866597958e+01
1.200730257808888801e+01
1.334848848681124878e+01
1.393080474017182446e+01
1.429468694651433580e+01
1.465865887665811407e+01
1.516202305617584756e+01
1.533881870257417823e+01
1.433102135204197758e+01
1.248625114930009694e+01
1.074931690992292133e+01
9.529425809311566908e+00
1.012579921845124176e+01
1.124270620842749047e+01
1.207918057637080445e+01
1.225252185506997549e+01
1.193710309752959375e+01
1.136437575289628477e+01
1.086122586797692691e+01
1.094146408431713091e+01
1.163216107730998949e+01
1.206713861640411878e+01
1.210626808210519556e+01
1.188971186250881296e+01
1.138334090623529882e+01
1.059323510866429707e+01
9.927257375914392057e+00
9.283783243560783660e+00
8.901818671292476282e+00
1.000259550256750174e+01
9.542008749579325766e+00
1.000854866600335669e+01
1.063212662343373260e+01
1.099249760047823621e+01
1.116224852198811135e+01
1.124965888811148318e+01
1.129197736359971316e+01
1.141890771952619765e+01
1.176955824684952567e+01
1.281776258446252470e+01
1.325901256450165988e+01
1.161037834783415157e+01
1.094756238878033550e+01
1.205320789621368149e+01
1.322493932968074049e+01
1.323507217087758647e+01
1.230204230857773950e+01
1.170990704503698154e+01
1.161760587064758532e+01
1.135846907676623374e+01
1.106917379583203775e+01
1.112207781422999275e+01
1.128865800441590217e+01
1.112261989536032658e+01
1.106046579546125486e+01
1.144470501796264728e+01
1.153049040398079406e+01
1.165628863621757283e+01
1.255842596375859799e+01
1.420042804131072423e+01
1.537747896588883911e+01
1.531073349499358827e+01
1.426158462975283747e+01
1.302282010780340293e+01
1.234750069241605530e+01
1.211852654517473127e+01
1.207255625495058737e+01
1.196960347288829318e+01
1.166364261568057614e+01
1.114771783610486722e+01
1.039637477095774543e+01
9.737022620417763008e+00
9.691813357891858161e+00
9.900701275006786872e+00
1.001867129696031711e+01
1.041295274199493903e+01
1.111888105501047264e+01
1.191858273979392457e+01
1.270088118172932390e+01
1.375732005994455065e+01
1.427943618048244900e+01
1.401069214030259324e+01
1.382525386927187050e+01
1.136459315881096543e+01
1.126204816825798538e+01
1.003504775478403488e+01
9.612844481189119605e+00
9.570259790697281943e+00
9.370911645836097037e+00
9.730678984525093611e+00
1.047737993312854954e+01
1.113902205518284561e+01
1.186314034232349535e+01
1.245828921259817790e+01
1.276489929940900758e+01
1.293586064253811863e+01
1.303621427975663671e+01
1.357321880676026815e+01
1.342807492811337866e+01
1.129355277926859991e+01
9.995273250864402215e+00
1.065554139065156747e+01
1.232830606617311275e+01
1.284539618503904101e+01
1.181851277206565953e+01
1.123730224939699340e+01
1.105275517467903690e+01
1.077920595669175086e+01
1.065168951366074168e+01
1.084345679983838373e+01
1.115485891179080191e+01
1.120555775812093025e+01
1.117696999062281016e+01
1.134011260953281841e+01
1.133268309223465131e+01
1.102640252632031981e+01
1.081162325816086600e+01
1.123398245480964519e+01
1.170452132898238240e+01
1.224555267502318756e+01
1.315535668863494578e+01
1.458926559641466447e+01
1.543682969421436368e+01
1.525978928410478019e+01
1.444257900689216534e+01
1.352517766220172213e+01
1.314673351038304361e+01
1.322369933239256312e+01
1.337139283770125964e+01
1.294444092779326283e+01
1.209646035406777997e+01
1.125362335615399445e+01
1.043612365560046662e+01
9.776687838736432212e+00
9.628302539923073056e+00
9.808005648053102377e+00
9.997150230310754893e+00
1.015927210016923254e+01
1.042820453607580689e+01
1.075098714722119908e+01
1.117888813071915166e+01
1.181631927373970292e+01
1.272192769082854547e+01
1.298237085158370263e+01
1.255535096508273796e+01
1.254589372765117616e+01
9.616231192415259699e+00
9.648367019899099617e+00
9.929220343266546678e+00
1.034258275496911494e+01
1.112007866021278879e+01
1.229061323809821715e+01
1.349194671621432207e+01
1.426888757050029355e+01
1.449450398311027044e+01
1.428969805476547883e+01
1.385668088363155448e+01
1.347848368168498645e+01
1.335679404940287185e+01
1.307053204222542853e+01
1.254484305503139652e+01
1.254943853239726792e+01
1.297711084671067638e+01
1.166544274935236380e+01
1.082843879785465191e+01
1.056760719127202997e+01
1.087412496614094159e+01
1.171398889792038212e+01
1.243596408971854750e+01
1.252280412362861739e+01
1.210898918151769799e+01
1.117203072949334164e+01
1.022452599306711996e+01
9.657384939568116167e+00
9.472385627267286168e+00
1.000833298986682429e+01
1.118822598644791100e+01
1.234895327251199504e+01
1.296358544615987540e+01
1.300612411366518195e+01
1.285843446719863081e+01
1.330644411193543775e+01
1.406434657672116728e+01
1.366180210299756936e+01
1.197181428911164325e+01
1.051996391489013227e+01
9.662653339660261409e+00
9.108890696199019033e+00
9.070299362543204680e+00
9.051915821204461921e+00
9.426905892819819499e+00
1.013497563681204561e+01
1.096685920184297025e+01
1.157230858211718605e+01
1.167084752497143896e+01
1.141418992387590947e+01
1.106349527733762095e+01
1.073340868820256588e+01
1.066395542813978459e+01
1.089607121458066707e+01
1.101967490690935492e+01
1.132198847086046456e+01
1.183120230281123852e+01
1.171980462064809636e+01
1.117913061320941104e+01
1.099740880866775505e+01
1.064087244155614975e+01
1.014318486301981714e+01
1.098126286374504090e+01
1.205377655552301874e+01
1.293649994653393343e+01
1.323775894431773992e+01
1.327780158968486646e+01
1.304203922065362065e+01
1.312837462800150412e+01
1.307652228381141235e+01
1.141390844630105939e+01
9.745535360073372289e+00
1.169597997504749465e+01
1.242611804506335993e+01
1.147656734832737158e+01
1.093900346964717585e+01
1.072421731719914817e+01
1.050709483113348419e+01
1.040265796268113441e+01
1.059706514007513256e+01
1.093996153700397223e+01
1.110595149631211243e+01
1.107984127601750401e+01
1.103977395990884247e+01
1.092862702729277125e+01
1.072888533367001429e+01
1.066394105126470571e+01
1.086415231385283242e+01
1.085966372639746957e+01
1.129363724395406976e+01
1.193139394104998452e+01
1.262083778007881030e+01
1.342956859618081289e+01
1.446896797636616938e+01
1.507722508639238868e+01
1.501596000234329864e+01
1.471727022294678022e+01
1.430541702822103112e+01
1.399720753523529204e+01
1.412460446085260202e+01
1.363083895237388887e+01
1.236986382883631563e+01
1.122339127970418460e+01
1.039526744398895985e+01
9.919256081694616256e+00
9.915609967706764394e+00
9.353000786409825906e+00
1.014300569653306283e+01
1.027359757823544584e+01
1.018063208801717678e+01
1.055352050465951486e+01
1.094948862198193673e+01
1.092321142032927916e+01
9.805267784461653591e+00
9.843384735511152783e+00
1.002965342071478183e+01
1.024794271630352327e+01
1.091615625555882296e+01
1.208839596534052419e+01
1.333946339866986008e+01
1.448043592486574127e+01
1.555592832558643934e+01
1.563591396615503193e+01
1.475488911559934913e+01
1.422055618244252706e+01
1.412980763037961829e+01
1.396664073476561008e+01
1.405948059604955347e+01
1.379111039992600851e+01
1.305693563094229859e+01
1.185078668919125633e+01
1.103293908080433816e+01
1.068968547740051456e+01
1.092682955265395428e+01
1.167581040763523248e+01
1.195376174056153395e+01
1.164487180886250606e+01
1.120806146950701176e+01
1.057333338127291888e+01
9.893743740259171915e+00
9.414383057823807022e+00
9.290516781285926839e+00
9.742499969651118974e+00
1.065353942450621361e+01
1.169510697724713921e+01
1.227604182561339208e+01
1.204847762962333668e+01
1.158729251402924731e+01
1.181413065291196318e+01
1.263592222861636927e+01
1.298336796957528527e+01
1.201782303099132321e+01
1.077631134372659005e+01
1.020651387067139382e+01
9.852551607353101204e+00
9.502566087675292650e+00
9.447567681330895084e+00
9.367402495543139196e+00
9.510125107214026485e+00
9.784409628256993230e+00
1.019963261521609077e+01
1.065264404977585144e+01
1.085464581627295466e+01
1.075159789939756649e+01
1.061149718495695815e+01
1.047099596072387051e+01
1.009652352834774724e+01
9.792439255759139982e+00
9.784871667930776340e+00
1.000014715591545489e+01
1.061003215898834817e+01
1.136108090575369545e+01
1.160475121650707742e+01
1.124309366868192228e+01
1.100904402018299599e+01
1.082939215491570017e+01
1.125471184787679313e+01
1.045005600347641384e+01
9.814582829575938305e+00
9.395861261569713463e+00
9.421005618449045826e+00
8.805417283989948274e+00
8.227646872496150010e+00
7.901632707011492229e+00
8.213359287980964041e+00
9.317369793842829040e+00
1.047967556894176333e+01
1.098842007869761339e+01
1.066049793796482703e+01
1.025595226073764898e+01
1.016039969306300961e+01
1.024822286348077149e+01
9.903863093701032128e+00
9.716224272720380029e+00
1.013651772794616690e+01
1.020255296858042016e+01
1.018244977570454246e+01
1.026074546117818898e+01
1.081362349573358195e+01
1.194013296619517028e+01
1.315573506861946740e+01
1.452346549362874306e+01
1.645431286733288445e+01
1.736213283352231684e+01
1.631926980188264764e+01
1.526989869330755845e+01
1.485368452135221595e+01
1.465449296197532192e+01
1.351781964079873966e+01
1.292744784674267677e+01
1.247898729910668614e+01
1.192662079836914479e+01
1.147751177159503477e+01
1.121924379723540177e+01
1.134766194288726737e+01
1.177769152345442727e+01
1.180139195903851856e+01
1.144199469558229865e+01
1.109013681276805485e+01
9.776432336926784927e+00
9.451646014612437696e+00
9.379028991789903458e+00
9.755553978627590439e+00
1.050261707959474222e+01
1.152989378942298160e+01
1.208301670206400225e+01
1.154466511637640380e+01
1.066953854547577230e+01
1.154578259384257244e+01
1.238833593812054978e+01
1.232104094290412455e+01
1.140681816054656394e+01
1.091834475035564189e+01
1.073040744971631710e+01
1.027769108538397802e+01
9.932351003078377261e+00
1.008074610072416988e+01
1.067639778413273532e+01
1.028771193091444935e+01
1.078919111863312885e+01
1.470079146046690433e+01
1.542634137075705780e+01
1.121869004856841379e+01
1.154271581371714284e+01
1.181868043170511839e+01
1.139691823874708909e+01
1.071168009880639715e+01
1.006952995628631875e+01
9.468262645410048250e+00
9.454873147139529976e+00
1.160691784349315014e+01
1.306850853057755657e+01
1.342539697511535124e+01
1.339660444744301060e+01
1.324468698445515535e+01
1.322792431825295267e+01
1.312133050819245028e+01
1.179557616306214030e+01
1.010731412505040439e+01
9.555428526250318910e+00
1.004499206984064408e+01
9.762943211993215797e+00
1.027383540229277337e+01
1.168096671863524172e+01
1.210633096522285079e+01
1.141442612099768361e+01
1.102694091036265611e+01
1.076521600993658723e+01
1.048940406023152150e+01
1.040488197320114239e+01
1.057933163716445968e+01
1.073150084572454688e+01
1.066213871022756798e+01
1.052867031360978167e+01
1.051319087553624954e+01
1.061508243690406239e+01
1.072613410601035433e+01
1.088773050698760869e+01
1.126734104589835361e+01
1.131720354823765184e+01
1.115552658734370794e+01
1.141451828621075038e+01
1.188313978475995114e+01
1.242523937940302403e+01
1.302602576556817482e+01
1.385639601929937825e+01
1.430840394242738078e+01
9.280630468513662024e+00
1.090908082803019497e+01
1.079921799875918964e+01
1.036929327733355599e+01
9.824794230411967533e+00
9.783641608015619440e+00
9.856336571024710835e+00
1.009121050978607137e+01
1.030160391781806517e+01
1.016641745718970391e+01
9.572216573945263818e+00
9.350241852134987042e+00
9.667522532069657615e+00
9.692065126126381713e+00
1.425224615586477306e+01
1.434402764436005739e+01
1.454190861890382180e+01
1.461128966672256624e+01
1.484844800718821567e+01
1.598192203207034900e+01
1.779164803150967700e+01
1.721309983287301648e+01
1.600950133233239825e+01
1.468049591902634887e+01
1.331966115087578295e+01
1.187035113203559966e+01
1.073473244623430389e+01
9.567566028409199674e+00
9.001092542462888701e+00
1.107305139323634791e+01
1.080091717551770714e+01
1.025301156350781895e+01
1.033356598764787293e+01
1.116298013486829888e+01
1.105449627385529610e+01
1.139270060640584070e+01
1.147019892392744289e+01
1.037484918566524073e+01
1.104685334023740850e+01
8.386415653431123829e+00
8.100094926465663647e+00
8.480632919589266905e+00
9.499094251745264117e+00
1.060506866037146878e+01
1.063885035882985974e+01
1.121149560106001353e+01
1.115931151792726794e+01
1.184412121859041456e+01
1.197619482771948185e+01
1.137183502531483370e+01
1.090992614135052285e+01
1.061465435010286562e+01
1.054462711733838276e+01
1.067824717439677862e+01
1.081725288951485986e+01
1.084103065054578963e+01
1.066356958493948071e+01
1.043923668663836146e+01
1.123081316468955393e+01
1.149127556991741095e+01
1.154678726530177357e+01
1.191908548109006460e+01
1.227779938241867796e+01
1.302027652879649544e+01
1.342249357312940106e+01
1.330601215436864315e+01
1.343400339069541971e+01
1.333949737582507389e+01
1.273911267782709622e+01
1.167115317396721608e+01
1.058721024628062324e+01
1.017566642101589736e+01
1.180203169793235674e+01
1.117835934391372277e+01
1.207014835870262992e+01
1.242081961864582063e+01
1.191739490955429481e+01
1.149460538644265739e+01
1.143927790874560912e+01
1.116553811471930757e+01
1.102236766886874264e+01
1.176743725400062246e+01
1.728963909233902640e+01
1.615345362484132252e+01
1.457577349431751834e+01
1.269306925569226330e+01
1.182878484059479618e+01
1.174118615072402427e+01
1.180292098829476899e+01
1.179149843931721620e+01
1.149820927851671293e+01
1.119889636329838645e+01
1.101385916916346375e+01
1.087832655936923132e+01
1.079909534432893281e+01
1.052002187857947391e+01
1.028060464191875845e+01
1.003284796217548624e+01
9.935020384354258383e+00
1.026895349499164389e+01
1.445704361059068432e+01
1.484969041359661901e+01
1.541366447482057112e+01
1.600361554710040934e+01
1.756504580352283185e+01
1.095892352323910046e+01
1.038105519796843090e+01
1.025154349488971661e+01
1.831370004924574957e+01
1.829366534450594983e+01
1.094774747837839435e+01
1.045125935230907110e+01
1.156768418523319752e+01
1.098020420556853693e+01
1.184411500450904420e+01
1.185396157307135212e+01
1.297306793136439396e+01
1.036199976466603268e+01
1.031363548390972085e+01
1.042760974785159256e+01
9.795615559071029210e+00
8.811103162622162088e+00
1.456306751536732236e+01
1.681284118481469747e+01
1.688294892757697951e+01
1.071806546671661309e+01
1.218166319945261833e+01
1.241957667296576417e+01
1.201011991262633849e+01
1.149947117444703082e+01
1.128895073566032003e+01
1.113787990706761732e+01
1.077564132774975469e+01
1.232798439390482947e+01
1.258034248242050523e+01
1.267541164145737120e+01
1.211611793952164895e+01
1.131558452516688007e+01
1.282090979506949679e+01
1.185739330277237968e+01
1.145507251196574749e+01
1.418587385897526154e+01
1.421278102027786616e+01
1.422686681934425756e+01
1.163788017362968219e+01
1.085328800173757458e+01
1.085462376862602696e+01
1.340716383516414290e+01
1.390409238515334422e+01
1.068113560166757203e+01
1.040562713787981508e+01
1.090781529831027896e+01
1.114716061868191410e+01
1.125857304756407373e+01
1.094536699064804175e+01
1.175457380092584536e+01
1.180361449109107852e+01
1.098584962389836761e+01
1.075138873201815848e+01
1.049010355513545889e+01
1.083851358600474946e+01
1.481159379366952145e+01
1.286251693387069572e+01
1.214230729309007373e+01
1.071430936982431525e+01
1.169318074161061460e+01
1.165876404899662511e+01
1.194698509265002251e+01
1.188391341766154063e+01
1.109448318469203443e+01
1.131412674353585501e+01
