4.105407432338563467e+01
4.119494475999742633e+01
4.028084254081522886e+01
4.111206806789185464e+01
4.325349846676643040e+01
4.502832091613766607e+01
4.515167049832084700e+01
4.491170856856784610e+01
4.482195345990304247e+01
4.425067459120160862e+01
4.318176933050335009e+01
4.109357125220147111e+01
3.912777679781353157e+01
3.819402445068440954e+01
3.811008814441213843e+01
3.834729120831404003e+01
3.814271314786913081e+01
3.760061000223874572e+01
3.653106275208835996e+01
3.504308044884850659e+01
3.361930578252920299e+01
3.317794278630859139e+01
3.368251085150799895e+01
3.489907259582615495e+01
3.728854369746562725e+01
3.832954046527845549e+01
3.795337506338270828e+01
3.882802453296428524e+01
4.023597096666072304e+01
4.120274809582080877e+01
4.163202388896255002e+01
4.151365992896971591e+01
4.131228809458202988e+01
4.185065447223189494e+01
4.266585312146099085e+01
4.295770588744115059e+01
4.208270168241408271e+01
4.024997078607310641e+01
3.972564931557618451e+01
4.028841028624703569e+01
3.954926526661426323e+01
3.935229971664009696e+01
3.307014161677490449e+01
3.303910194714888604e+01
3.409982646513147131e+01
3.580718913344497878e+01
3.656938935160890480e+01
3.678706103852475451e+01
3.674739641205188434e+01
3.609273822332842485e+01
3.503713307399527110e+01
3.397465181496103526e+01
3.287311317805416877e+01
3.175224437529810473e+01
3.073080250208008124e+01
2.981399869327594132e+01
3.010501817274151648e+01
3.152892915924721962e+01
3.281969980485023797e+01
3.346348358312327775e+01
3.371299955960074612e+01
3.431530764711983039e+01
3.527353647327538511e+01
3.611927947530358551e+01
3.616305592514603973e+01
3.514322815782904996e+01
3.489798548900397179e+01
3.528341140467561843e+01
3.559058339234864832e+01
3.632482791906220854e+01
3.568525838710113618e+01
3.423867223436513996e+01
3.320823537605317455e+01
3.235499776744735811e+01
3.174654480118640265e+01
3.180312167690649972e+01
3.129703929185890843e+01
2.998333013548761983e+01
2.962050299908132445e+01
3.010014378164366278e+01
3.071381917398862171e+01
3.210883114414879458e+01
3.433269832391345489e+01
3.668739207104945876e+01
3.899355897000729954e+01
4.111880739865633672e+01
4.027254525141258057e+01
3.725428280702215034e+01
3.515763286798003406e+01
3.375979581988657685e+01
3.300814406846563287e+01
3.249903579538952414e+01
3.207565267006519605e+01
3.265307816997130885e+01
3.413606595792900578e+01
3.493683309917616953e+01
3.506506177942358704e+01
3.517056591992127323e+01
3.466908731966287860e+01
3.363130468872998335e+01
4.796655105133775976e+01
4.594138880223821531e+01
4.815066039579119916e+01
5.686309961699883075e+01
6.712605161774139617e+01
7.115836405236440498e+01
7.128405874306341161e+01
6.981708038757750501e+01
6.608291458382859673e+01
5.973965659278206886e+01
5.046479413599428909e+01
4.239257599245626551e+01
3.899017001982800679e+01
3.939716834672854162e+01
4.087688696381107434e+01
4.152313330660468438e+01
4.117236774974006153e+01
3.935539205660152362e+01
3.591294921106781146e+01
3.250129302104113549e+01
3.114720958156020458e+01
3.199719341174388632e+01
3.439478774455281496e+01
3.884977562771581461e+01
4.066080343968666710e+01
3.958956481026103091e+01
4.140124375483703290e+01
4.519138085234872193e+01
4.932358739134465253e+01
5.227701094878619870e+01
5.281277764799894214e+01
5.262997592971156280e+01
5.418552842017587068e+01
5.588839023661570593e+01
5.526120663556397972e+01
5.074661172679914500e+01
4.353777992891987481e+01
3.906557252406501135e+01
3.782402346558539818e+01
3.732564333787026101e+01
3.989932764358429296e+01
4.609623108060665686e+01
3.333073415602081724e+01
3.493391424082744834e+01
3.769298462187253307e+01
3.994870138956586203e+01
4.053228375968121355e+01
3.934324157660239507e+01
3.751525649231462722e+01
3.561231678131704115e+01
3.366509286992060623e+01
3.195264395749534714e+01
3.029451440968745146e+01
2.869702066153245923e+01
2.731120233402805297e+01
2.776290836257219752e+01
3.037754796732324536e+01
3.317365148283787590e+01
3.479695211035972591e+01
3.577181096843091979e+01
3.738642715466600919e+01
3.944427826143247984e+01
4.082730924385752758e+01
3.984823856798747954e+01
3.687821779156639934e+01
3.550983103186715084e+01
3.572854843789438917e+01
3.715330484274883815e+01
3.739817688625655023e+01
3.619459848543881009e+01
3.446532816989113712e+01
3.255699695756187850e+01
3.108541954693925646e+01
3.056126540119596058e+01
2.906300549050675386e+01
2.666018575804228874e+01
2.560529766299870857e+01
2.598614957063945496e+01
2.732054548558878793e+01
3.004400125614972694e+01
3.429255521976613608e+01
3.871674459094462861e+01
4.344025421583768320e+01
4.897082480584109021e+01
4.748324945259099650e+01
4.116715015885527151e+01
3.678283252848616769e+01
3.376805606981697139e+01
3.250005489074427345e+01
3.179674453716783233e+01
3.110584975660083273e+01
3.197423737546539968e+01
3.418822147607895801e+01
3.539021670114556883e+01
3.559427295006181424e+01
3.581749780579799136e+01
3.507008621609628563e+01
3.341604965186940746e+01
3.285410327839375100e+01
3.453920313371849460e+01
3.240555715589945152e+01
4.763279994840229392e+01
5.549572686800996735e+01
5.947388041352746768e+01
6.137331779005985766e+01
6.024373307020833579e+01
5.596032521661862091e+01
4.982684505407924291e+01
4.178442088832512269e+01
3.388014097701956473e+01
3.030529451099376814e+01
3.072364039906332778e+01
3.281257245098029074e+01
3.535803568494133486e+01
3.681907196699426521e+01
3.646069430129877276e+01
3.396475288104177537e+01
3.071615636329047661e+01
2.866156378539578853e+01
2.904955092771530190e+01
3.106041181917342442e+01
3.202393653064268619e+01
3.137279629900402611e+01
3.267524885262528755e+01
3.566441271704371019e+01
3.938057603852203670e+01
4.274602444446796312e+01
4.463468262752354576e+01
4.533276339378414832e+01
4.594926366400265749e+01
4.544301066857379112e+01
4.298975270476798016e+01
3.861692836842665599e+01
3.225190109901992486e+01
2.815461831251489144e+01
2.731400773552564942e+01
2.817474779111979188e+01
3.189292543595349017e+01
3.739842661357263864e+01
3.915965762305253861e+01
3.211872966827024811e+01
3.125596548768913152e+01
2.889924861226719344e+01
3.125446652380153267e+01
3.075566790058373101e+01
3.214324250302563257e+01
3.442264356554581184e+01
3.579413511397904557e+01
3.498507654932068789e+01
3.301123939774028315e+01
3.127925637603740228e+01
2.763391101526071481e+01
2.548359455929440287e+01
2.410136113823157800e+01
2.412906859102211854e+01
2.567186869840450925e+01
2.879519383925500975e+01
3.275053578809701094e+01
3.486010355796371130e+01
3.700176930494444605e+01
4.057111123690102517e+01
4.085928605610077824e+01
3.793030155616292376e+01
3.460831066174387871e+01
3.212490887612787560e+01
3.146042234617407729e+01
3.116276081082574478e+01
3.056682463439276631e+01
3.084390135249022791e+01
3.173989100060281743e+01
3.196312243472504022e+01
3.213334951956878882e+01
3.290724734431024956e+01
3.262364623051223589e+01
3.145126823730581123e+01
3.157495336565561672e+01
3.297114361691764373e+01
3.503104387710958179e+01
3.714662488795250539e+01
3.903126263672469776e+01
3.851195828436700452e+01
3.564683813737974560e+01
3.368897503365382562e+01
3.225465215107192307e+01
3.086486762619275481e+01
3.012147241812173348e+01
2.944667368188667567e+01
2.838307129775279236e+01
2.716046089545373832e+01
2.715732227332685156e+01
2.923908239881341586e+01
3.234750510635940657e+01
3.476608862516779652e+01
3.643726992029672118e+01
3.865429163628747489e+01
4.015036951009549426e+01
4.000860027472064218e+01
3.860851299651089619e+01
3.641214972355783175e+01
3.269044768033118231e+01
2.885510380907835781e+01
2.585920663601683245e+01
2.705211537414522383e+01
2.952804851819717769e+01
3.010437380201591040e+01
2.899815498457410712e+01
2.791763203213394462e+01
2.725625247944353902e+01
2.717045588629994768e+01
2.845130592809407233e+01
3.101713758676578436e+01
3.419545397901500650e+01
3.726409256842620721e+01
3.948761373943885644e+01
4.020867825369562354e+01
3.987209576729400595e+01
3.876191208881427741e+01
3.660975498401545281e+01
3.364114362010226955e+01
2.944793587292831205e+01
2.633478939184897527e+01
2.785516583864757933e+01
3.123559636605194001e+01
3.567336379631714038e+01
3.687472234549210981e+01
4.060075559743067686e+01
4.361392334771028345e+01
4.516966940152909871e+01
4.699811807071344560e+01
4.767606000412497735e+01
4.568588823184312275e+01
4.155469211893908721e+01
3.591923891565961924e+01
2.986096796701925626e+01
2.628534701102206839e+01
2.608658834192608111e+01
2.826634668364356173e+01
3.165312965399013478e+01
3.398765535836296436e+01
3.426344549372812054e+01
3.293423210897329767e+01
3.056642147481588978e+01
2.835697429427722582e+01
2.840233660146776629e+01
3.054317346048725668e+01
3.181645187873052549e+01
3.101697568374183334e+01
2.907547578015256562e+01
2.688502868691045933e+01
3.456501582526615834e+01
2.907662954988994741e+01
2.588540946841526491e+01
2.746312079345332080e+01
2.787964068931968598e+01
3.122864871548084764e+01
3.397816964949960550e+01
3.441298068768956142e+01
3.298489006375212540e+01
3.130469149225673320e+01
2.957132237692339771e+01
2.783036467465793606e+01
2.922432525602371101e+01
2.916518070930717954e+01
2.789509270338886893e+01
2.654421480962957958e+01
2.561485433698194214e+01
2.567555982941467718e+01
2.704060666750067909e+01
3.031518961282068503e+01
3.336005769385722175e+01
3.230350881671050445e+01
3.229732156564001855e+01
3.520744441157944493e+01
3.699704510168827909e+01
3.599448288689251285e+01
3.331750389070907659e+01
3.144328109375325653e+01
3.131584010865135070e+01
3.102639302351017392e+01
3.014713962195894936e+01
3.006017028494160570e+01
3.044269094222094196e+01
3.013869873696211954e+01
3.020599112062517833e+01
3.144428346325686618e+01
3.130998304862003323e+01
3.012473653975320786e+01
3.048375757186115464e+01
3.251527686761927072e+01
3.627273334080520328e+01
3.941654165708755642e+01
4.020735619163657759e+01
3.798915953703223636e+01
3.434331600755497504e+01
3.211599898436570300e+01
3.076541956372795283e+01
2.992875032689300951e+01
2.974877756685971519e+01
2.952545538640091394e+01
2.865701709800964636e+01
2.716215877593015549e+01
2.621324582233847877e+01
2.700221527287264678e+01
3.337046918220887193e+01
3.525059615614560471e+01
3.771105581338374435e+01
3.907526379296486851e+01
3.860524280332288072e+01
3.793169749541171143e+01
3.673256972862326108e+01
3.368610547116144716e+01
2.990317311585215521e+01
2.700487334817470497e+01
2.457732275967138236e+01
2.337075891087234680e+01
2.435097192621533679e+01
2.759878917825698608e+01
3.138542750398588055e+01
3.275625371584332157e+01
3.188910447053182651e+01
2.981571480741853719e+01
2.756628727854496219e+01
2.573947217358710304e+01
2.407924238908415759e+01
2.263541725170584584e+01
2.159190883912251735e+01
2.230510472927463894e+01
2.516662188288952962e+01
2.880824104044341283e+01
3.038896256160970921e+01
2.975969311849690868e+01
3.073505934371426207e+01
2.774225962594483619e+01
2.586121443513646057e+01
2.561009872164208900e+01
2.609163152850192802e+01
2.734410164560111411e+01
2.959842189111335742e+01
3.276871456231162938e+01
3.586534431389293331e+01
3.769063633996202611e+01
3.783537199221866842e+01
3.722564970474111590e+01
3.635932648343688811e+01
3.494422060467283586e+01
3.363870482520503202e+01
3.182453783010239690e+01
3.046264064674735295e+01
3.035729851115524269e+01
2.805511677335777065e+01
2.725584474752461972e+01
2.812642883669206384e+01
2.993867908300598302e+01
3.264639148569291649e+01
3.521329303116226583e+01
3.543476633795992825e+01
3.186913392491473473e+01
2.837665570900377787e+01
2.676420590062791405e+01
2.616665064178242517e+01
2.770931707543678613e+01
3.159816467918128780e+01
3.512760128108223512e+01
3.666001247413637998e+01
3.761759722766930736e+01
3.857541809646872366e+01
3.990006067414697100e+01
4.036531237519520943e+01
3.771321408432099531e+01
3.285855565605288575e+01
2.828767607874453205e+01
2.507743634029359825e+01
2.664684004855589805e+01
2.958606896954602661e+01
3.178731730623896112e+01
3.224347856597361783e+01
3.141342920402524896e+01
2.990625198130601348e+01
2.858217333678138417e+01
2.879332653767665562e+01
3.061095020344733797e+01
3.175562793790557592e+01
3.185860021606630355e+01
3.128871542765477187e+01
2.995616027956657490e+01
2.787693449648499211e+01
2.612436151556418906e+01
2.443100853568627429e+01
2.342583860866441370e+01
2.632261974359868972e+01
2.511054934099822589e+01
2.633828596316672943e+01
2.797928058798350293e+01
2.892762526441641313e+01
2.937433821575818982e+01
2.960436549503021908e+01
2.971572990420976978e+01
3.004975715664788538e+01
3.097252170223559631e+01
3.373095416963822402e+01
3.489213832763594780e+01
3.055362723114250656e+01
2.880937470731667105e+01
3.171896814793074171e+01
3.480247192021246860e+01
3.482913729178312678e+01
3.237379554888879341e+01
3.081554485536047849e+01
3.057264702801996492e+01
2.989070809675324725e+01
2.912940472587378338e+01
2.926862582692103132e+01
2.970699474846290400e+01
2.927005235621138723e+01
2.910648893542435189e+01
3.011764478411222967e+01
3.034339579994945524e+01
3.067444377951992607e+01
3.304848937831209810e+01
3.736954747713348723e+01
4.046704991023378994e+01
4.029140393419365296e+01
3.753048586777062923e+01
3.427057923106158910e+01
3.249342287477909252e+01
3.189085932940718848e+01
3.176988488144891321e+01
3.149895650760077359e+01
3.069379635705414699e+01
2.933609956869701918e+01
2.735888097620459192e+01
2.562374373794148141e+01
2.550477199445225551e+01
2.605447703949154459e+01
2.636492446568504633e+01
2.740250721577615423e+01
2.926021330265913889e+01
3.136469142051032577e+01
3.342337153086663903e+01
3.620347384195934382e+01
3.757746363284854851e+01
3.687024247448050573e+01
3.638224702439966052e+01
2.990682410213412012e+01
2.963696886383680607e+01
2.640802040732640776e+01
2.529695916102399877e+01
2.518489418604547936e+01
2.466029380483183431e+01
2.560704995927655858e+01
2.757205245560144391e+01
2.931321593469169784e+01
3.121879037453551575e+01
3.278497161210046329e+01
3.359184026160264835e+01
3.404173853299504771e+01
3.430582705199115168e+01
3.571899685989544082e+01
3.533703928450889009e+01
2.971987573491736612e+01
2.630335066016947820e+01
2.804089839645149240e+01
3.244291070045555614e+01
3.380367417115537165e+01
3.110134940017278993e+01
2.957184802472892926e+01
2.908619782810272625e+01
2.836633146497829117e+01
2.803076187805458375e+01
2.853541263115364046e+01
2.935489187313368831e+01
2.948830988979192114e+01
2.941307892269160362e+01
2.984240160403373210e+01
2.982285024272276530e+01
2.901684875347452675e+01
2.845164015305491034e+01
2.956311172318327607e+01
3.080137191837469146e+01
3.222513861848207739e+01
3.461935970693406972e+01
3.839280420109122360e+01
4.062323603740622247e+01
4.015734022132836856e+01
3.800678686024254205e+01
3.559257279526768514e+01
3.459666713258695836e+01
3.479920876945411123e+01
3.518787588868752891e+01
3.406431823103490331e+01
3.183279040544152494e+01
2.961479830566840832e+01
2.746348330421175632e+01
2.572812589141166484e+01
2.533763826295545485e+01
2.581054117908711021e+01
2.630829007976514333e+01
2.673492657939271666e+01
2.744264351598896567e+01
2.829207144005578556e+01
2.941812665978724084e+01
3.109557703615710977e+01
3.347875708112775328e+01
3.416413381995711518e+01
3.304039727653352543e+01
3.301550980960836057e+01
2.530587155898752627e+01
2.539043952605025822e+01
2.612952721912249032e+01
2.721732303939240794e+01
2.926336489529681018e+01
3.234371904762689098e+01
3.550512293740611369e+01
3.754970413289551345e+01
3.814343153450070645e+01
3.760446856517231140e+01
3.646494969376725237e+01
3.546969389917101978e+01
3.514945802474440484e+01
3.439613695322481135e+01
3.301274488166157539e+01
3.302483824315070393e+01
3.415029170187020213e+01
3.069853355092727298e+01
2.849589157330171574e+01
2.780949260861060424e+01
2.861611833194984911e+01
3.082628657347468959e+01
3.272622128873302216e+01
3.295474769375951496e+01
3.186576100399393852e+01
2.940008086708773760e+01
2.690664735017663389e+01
2.541417089360030701e+01
2.492733059807180496e+01
2.633771839438637841e+01
2.944269996433660808e+01
3.249724545397893394e+01
3.411469854252598566e+01
3.422664240438205496e+01
3.383798543999640174e+01
3.501695818930377868e+01
3.701143835979254959e+01
3.595211079736202464e+01
3.150477444503064106e+01
2.768411556550034902e+01
2.542803510436910841e+01
2.397076498999742000e+01
2.386920884879790705e+01
2.382083110843279172e+01
2.480764708636794680e+01
2.667098851792643899e+01
2.886015579432360312e+01
3.045344363715049241e+01
3.071275664466168109e+01
3.003734190493660350e+01
2.911446125615163538e+01
2.824581233737517394e+01
2.806304060036785586e+01
2.867387161731754475e+01
2.899914449186672272e+01
2.979470650226438266e+01
3.113474290213483897e+01
3.084159110696867856e+01
2.941876477160371195e+01
2.894054949649409281e+01
2.800229589883197434e+01
2.669259174478899155e+01
2.889806016775010633e+01
3.172046461979741849e+01
3.404342091193140618e+01
3.483620774820457910e+01
3.494158313074964894e+01
3.432115584382532347e+01
3.454835428421448285e+01
3.441190074687213496e+01
3.003660117447647337e+01
2.564614568440360998e+01
3.077889467117761768e+01
3.270031064490358119e+01
3.020149302191413554e+01
2.878685123591361972e+01
2.822162451894512714e+01
2.765024955561443676e+01
2.737541569126614149e+01
2.788701352651350618e+01
2.878937246579992859e+01
2.922618814818977029e+01
2.915747704215132430e+01
2.905203673660221497e+01
2.875954480866518281e+01
2.823390877281582689e+01
2.806300276648606484e+01
2.858987451013903325e+01
2.857806243788807876e+01
2.972009801040544730e+01
3.139840510802627449e+01
3.321273100020739832e+01
3.534096998994950667e+01
3.807623151675307582e+01
3.967690812208523710e+01
3.951568421669288966e+01
3.872965848143889644e+01
3.764583428479218696e+01
3.683475667167181911e+01
3.717001173908579403e+01
3.587062882203655079e+01
3.255227323377977910e+01
2.953524020974785458e+01
2.735596695786568588e+01
2.610330547814372792e+01
2.609371044133359163e+01
2.461315996423638452e+01
2.669212025403437849e+01
2.703578310061959300e+01
2.679113707372941278e+01
2.777242238068293290e+01
2.881444374205772618e+01
2.874529321139284122e+01
2.580333627489908821e+01
2.590364404081882554e+01
2.639382479135468884e+01
2.696827030606190334e+01
2.872672698831269145e+01
3.181156832984348526e+01
3.510385104913120813e+01
3.810641032859405186e+01
4.093665348838536033e+01
4.114714201619744927e+01
3.882865556736670953e+01
3.742251626958559996e+01
3.718370429047268289e+01
3.675431772306739475e+01
3.699863314749882193e+01
3.629239578927897014e+01
3.436035692353236470e+01
3.118628076102962154e+01
2.903405021264299535e+01
2.813075125631714002e+01
2.875481461224725166e+01
3.072581686219798058e+01
3.145726773831982825e+01
3.064439949700659582e+01
2.949489860396582230e+01
2.782456152966557283e+01
2.603616773752413494e+01
2.477469225743107017e+01
2.444872837180507119e+01
2.563815781487136647e+01
2.803563006449003581e+01
3.077659730854510300e+01
3.230537322529840338e+01
3.170652007795614935e+01
3.049287503691907020e+01
3.108981750766306007e+01
3.325242691741149770e+01
3.416675781467180428e+01
3.162585008155611277e+01
2.835871406243839488e+01
2.685924702808261699e+01
2.592776738777131840e+01
2.500675286230340078e+01
2.486202021402867146e+01
2.465105919879773566e+01
2.502664501898428284e+01
2.574844639014998293e+01
2.684113846109497814e+01
2.803327381519961037e+01
2.856485741124461697e+01
2.829367868262517405e+01
2.792499259199199457e+01
2.755525252822071280e+01
2.656979875880985986e+01
2.576957698883984449e+01
2.574966228402836066e+01
2.631617672609330327e+01
2.792113726049565514e+01
2.989758133093077674e+01
3.053881899080809603e+01
2.958708860179453382e+01
2.897116847416577912e+01
2.849840040767289651e+01
2.961766275757050693e+01
2.750014737756951178e+01
2.582784955151562656e+01
2.472595068834134935e+01
2.479212004855012097e+01
2.317215074734196634e+01
2.165170229604250096e+01
2.079377028160919139e+01
2.161410338942359033e+01
2.451939419432323319e+01
2.757809360247832586e+01
2.891689494394108806e+01
2.805394194201270253e+01
2.698934805457275843e+01
2.673789392911318075e+01
2.696900753547571838e+01
2.606279761500271519e+01
2.556901124400100045e+01
2.667504665248991458e+01
2.684882360152742109e+01
2.679592046238037284e+01
2.700196173994260107e+01
2.845690393614100344e+01
3.142140254261887122e+01
3.462035544373543416e+01
3.821964603586511799e+01
4.330082333508654102e+01
4.568982324611135937e+01
4.294544684705959980e+01
4.018394392975672957e+01
3.908864347724266963e+01
3.856445516309295130e+01
3.557320958104931208e+01
3.401959959669125766e+01
3.283944026080706635e+01
3.138584420623459437e+01
3.020397834630272627e+01
2.952432578219842441e+01
2.986226827075596901e+01
3.099392506172218020e+01
3.105629462904873250e+01
3.011051235679552107e+01
2.918457055991593307e+01
2.572745351822837989e+01
2.487275267003273171e+01
2.468165524155237733e+01
2.567251047007260567e+01
2.763846599893353329e+01
3.034182576163942358e+01
3.179741237385263730e+01
3.038069767467474591e+01
2.807773301440992952e+01
3.038363840484887390e+01
3.260088404768566051e+01
3.242379195501085576e+01
3.001794252775411564e+01
2.873248618514642772e+01
2.823791434135872791e+01
2.704655548785257224e+01
2.613776579757467644e+01
2.652827921243202525e+01
2.809578364245456683e+01
2.707292613398539061e+01
2.839260820692928888e+01
3.868629331701816909e+01
4.059563518620278444e+01
2.952286854886424550e+01
3.037556793083458473e+01
3.110179060975031007e+01
2.999189010196602112e+01
2.818863183896420210e+01
2.649876304285873374e+01
2.491648064581591626e+01
2.488124512405139654e+01
3.054452064077144513e+01
3.439081192257251729e+01
3.532999203977723823e+01
3.525422223011318579e+01
3.485443943277672929e+01
3.481032715329724425e+01
3.452981712682223758e+01
3.104098990279510772e+01
2.659819506592211624e+01
2.514586454276399508e+01
2.643418965747537897e+01
2.569195582103477804e+01
2.703640895340203798e+01
3.073938610167169116e+01
3.185876569795487256e+01
3.003796347630969166e+01
2.901826555358594106e+01
2.832951581562259946e+01
2.760369489534610921e+01
2.738126835052932151e+01
2.784034641359068729e+01
2.824079169927512112e+01
2.805825976375675879e+01
2.770702714107837039e+01
2.766629177772697190e+01
2.793442746553700573e+01
2.822666870002724693e+01
2.865192238680949544e+01
2.965089748920619428e+01
2.978211460062539828e+01
2.935664891406239008e+01
3.003820601634408050e+01
3.127142048621039550e+01
3.269799836685006511e+01
3.427901517254782959e+01
3.646420005078783788e+01
3.765369458533521652e+01
2.442271175924648219e+01
2.870810744218472266e+01
2.841899473357681316e+01
2.728761388771988550e+01
2.585472165897886043e+01
2.574642528425162880e+01
2.593772781848608133e+01
2.655581713101597785e+01
2.710948399425806343e+01
2.675373015049922287e+01
2.519004361564542904e+01
2.460589961088154354e+01
2.544084876860436140e+01
2.550543454243784680e+01
3.750591093648624508e+01
3.774744116936857097e+01
3.826818057606269008e+01
3.845076228084886338e+01
3.907486317681109256e+01
4.205768955807986487e+01
4.682012639870967519e+01
4.529763113913951855e+01
4.213026666403262510e+01
3.863288399743775869e+01
3.505173987072574704e+01
3.123776613693578952e+01
2.824929591114290517e+01
2.517780533791894726e+01
2.368708563806023193e+01
2.913960892956933790e+01
2.842346625136238814e+01
2.698160937765215550e+01
2.719359470433650827e+01
2.937626351281131321e+01
2.909077966804025550e+01
2.998079106948905803e+01
3.018473401033537584e+01
2.730223469911905454e+01
2.907066668483528460e+01
2.206951487745032381e+01
2.131603928017279870e+01
2.231745505155070219e+01
2.499761645196122117e+01
2.790807542203017988e+01
2.799697462849963259e+01
2.950393579226319218e+01
2.936660925770333819e+01
3.116874004892214600e+01
3.151630217820916258e+01
2.992588164556535091e+01
2.871033195092243062e+01
2.793330092132332965e+01
2.774901872983785012e+01
2.810065045893889391e+01
2.846645497240752576e+01
2.852902802775207647e+01
2.806202522352494810e+01
2.747167549115358298e+01
2.955477148602514248e+01
3.024019886820371283e+01
3.038628227710993102e+01
3.136601442392122152e+01
3.230999837478599090e+01
3.426388560209603895e+01
3.532235150823527192e+01
3.501582145886484909e+01
3.535264050183005224e+01
3.510394046269756529e+01
3.352398073112393462e+01
3.071356098412425339e+01
2.786107959547532431e+01
2.677806952898920301e+01
3.105797815245357185e+01
2.941673511556242815e+01
3.176354831237534171e+01
3.268636741748900221e+01
3.136156555145867486e+01
3.024896154327015196e+01
3.010336291775160333e+01
2.938299503873502161e+01
2.900623070754932087e+01
3.096694014210689971e+01
4.549905024299744127e+01
4.250908848642453108e+01
3.835729866925662890e+01
3.340281383076911226e+01
3.112838115945998751e+01
3.089785829137900919e+01
3.106031839024939245e+01
3.103025905083477909e+01
3.025844546978082406e+01
2.947077990341680476e+01
2.898383991885122057e+01
2.862717515623481646e+01
2.841867195876034913e+01
2.768426810152493189e+01
2.705422274189147203e+01
2.640223147940917414e+01
2.614479048514278503e+01
2.702356182892538072e+01
3.804485160681758771e+01
3.907813266735952595e+01
4.056227493373834392e+01
4.211477775552739189e+01
4.622380474611271950e+01
2.883927242957657811e+01
2.731856631044323791e+01
2.697774603918346514e+01
4.819394749801513456e+01
4.814122459080513039e+01
2.880986178520630148e+01
2.750331408502387376e+01
3.044127417166631133e+01
2.889527422518036204e+01
3.116872369607643378e+01
3.119463571860882212e+01
3.413965245095893408e+01
2.726842043333166288e+01
2.714114601028873608e+01
2.744107828381998360e+01
2.577793568176586447e+01
2.318711358584779703e+01
3.832386188254558590e+01
4.424431890740709861e+01
4.442881296730783447e+01
2.820543543872793180e+01
3.205700841961215275e+01
3.268309650780464182e+01
3.160557871743773006e+01
3.026176624854482000e+01
2.970776509384295139e+01
2.931021028175688770e+01
2.835695086249935315e+01
3.244206419448639167e+01
3.310616442742238519e+01
3.335634642488781765e+01
3.188452089347802598e+01
2.977785401359705375e+01
3.373923630281446151e+01
3.120366658624310574e+01
3.014492766306775451e+01
3.733124699730331741e+01
3.740205531652070192e+01
3.743912320880068023e+01
3.062600045692021666e+01
2.856128421509887971e+01
2.856479939112112376e+01
3.528201009253722020e+01
3.658971680303511675e+01
2.810825158333571494e+01
2.738322931021004081e+01
2.870477710081652489e+01
2.933463320705767075e+01
2.962782380937914084e+01
2.880359734381063674e+01
3.093308894980485491e+01
3.106214339760810006e+01
2.891013058920622925e+01
2.829312824215305255e+01
2.760553567140910403e+01
2.852240417369670666e+01
3.897787840439347917e+01
3.384872877334393593e+01
3.195344024497387991e+01
2.819555097322188431e+01
3.077152826739635572e+01
3.068095802367533054e+01
3.143943445434216244e+01
3.127345636226721126e+01
2.919600838076851090e+01
2.977401774614698482e+01
