5.088990926406335991e-01
4.544857449683075146e-01
4.394640426157648272e-01
4.760737568687603560e-01
3.964166827601058873e-01
2.746544539091302917e-01
4.448642630300368439e-01
2.452595761498753690e-01
1.850282201405033244e-01
1.367821045165088789e-01
1.050558136758394240e-01
9.215783369919423873e-02
1.211669787049930169e-01
2.811830864299157962e-01
4.976341810827819567e-01
5.032292361452391782e-01
5.891553757430506577e-01
6.287322436094062716e-01
6.221586083660350930e-01
6.226488495150035440e-01
6.190650773485845138e-01
6.237099999037364340e-01
6.260364610894095794e-01
6.267761321705944688e-01
6.195833629103770779e-01
5.499824181109367327e-01
6.081734808198224762e-01
6.296012797400335481e-01
6.280452732837719099e-01
6.206082528937658660e-01
5.618494881434036303e-01
4.552157820701410729e-01
3.954222335738864502e-01
4.213306184038267954e-01
5.162492444921232826e-01
6.223666201610127402e-01
6.427364717565362540e-01
6.491921973361324261e-01
6.540641621653610072e-01
6.491006213439052264e-01
6.424527231979617614e-01
6.405700012953078337e-01
6.249475899645350330e-01
6.274818233071473017e-01
6.408996607989129179e-01
6.434720055042673081e-01
6.515438391183179245e-01
6.475135557908382467e-01
6.484373060921794218e-01
6.446142600020688951e-01
6.453757056195161823e-01
6.584070249508416905e-01
6.779867683541548340e-01
6.610054877316200450e-01
6.455729285421804020e-01
6.335380120044695751e-01
6.264320166372738807e-01
5.772829187662138484e-01
5.678035356315630500e-01
5.449901263847659605e-01
4.273831865319224765e-01
4.054596839705032485e-01
4.414687801383659349e-01
3.988745248276179822e-01
4.042781279571093789e-01
3.978748174461250176e-01
4.892195041600592154e-01
5.839485543747683360e-01
6.468252816199010491e-01
6.621242026828438876e-01
6.730023393450829117e-01
6.674837989575944652e-01
6.632908286791225905e-01
6.581964523054404381e-01
6.600730462851056579e-01
6.697052426643985701e-01
6.386801818242930917e-01
6.351256007329110220e-01
6.507013859146307810e-01
6.674459579504237183e-01
6.759334455393046781e-01
6.694919436412837266e-01
6.485681653457401330e-01
6.341983247369781251e-01
6.381698911454154466e-01
6.489324236446152305e-01
6.517506148478543482e-01
6.380661896113909437e-01
6.311335364047081509e-01
6.294475464037837531e-01
6.295641170056042180e-01
6.257247756751198597e-01
6.197845484537005678e-01
6.369186493619555245e-01
6.253293397881571902e-01
6.123616070893678209e-01
5.982779083968695621e-01
5.998419291375500784e-01
6.061021757334215110e-01
6.287266359494486645e-01
5.850886351395105933e-01
5.814849206341426990e-01
5.892327623733125685e-01
6.017372022761164896e-01
6.214281332500252164e-01
6.276355035295491103e-01
6.311924395723605974e-01
6.322536927277562224e-01
6.343576372663406460e-01
6.372346229020465769e-01
6.413826174616107378e-01
6.431763413538995611e-01
6.404065376499685769e-01
6.418671851021079400e-01
6.428678196427761726e-01
6.404487456275144153e-01
6.348358292944579206e-01
6.319725463107994656e-01
6.270563248749583263e-01
6.238658017354409280e-01
6.261561046183881096e-01
6.314599134061463781e-01
6.367106302127895079e-01
6.501356780242775191e-01
6.563419213590404588e-01
6.498447229346210330e-01
6.453686022493664298e-01
6.466913710393334958e-01
6.498096456354969241e-01
6.523378269416069131e-01
6.522250735028288782e-01
6.516174088341242232e-01
6.552883166262734038e-01
6.581790705702309507e-01
6.587792483978867075e-01
6.604851435812419957e-01
6.622929381357770540e-01
6.604423277129914949e-01
6.557529221189181134e-01
6.481368499452841991e-01
6.379186720842822123e-01
6.211290938548026386e-01
6.505999452120080351e-01
6.486141229668597186e-01
6.489818442291477307e-01
6.509569707285712825e-01
6.545939188682209364e-01
6.523620879444870235e-01
6.531039389617762092e-01
6.628350605149616603e-01
6.727417477810798685e-01
6.662487138779094042e-01
6.585701046049666774e-01
6.490134965556962898e-01
6.438357037989153042e-01
6.405496642357088044e-01
6.374347802106190564e-01
6.347138414320795397e-01
6.332635714111113368e-01
6.332779095339222675e-01
6.297753101281916566e-01
6.239763645859763841e-01
6.156058643857454937e-01
5.940458016306263689e-01
5.842556526222915103e-01
6.380768614077529932e-01
6.590008475315130010e-01
6.717277936470860134e-01
6.699776245418261889e-01
6.649529922309785901e-01
6.570388615757204454e-01
6.496292652515645027e-01
6.450256313882788417e-01
6.445310251938770607e-01
6.502743368152335002e-01
6.515396098783265977e-01
6.543904384932364149e-01
6.694350946666109969e-01
6.783375078819348092e-01
6.838023090722544772e-01
6.713606462524935869e-01
6.508597498067161258e-01
6.465016062583017753e-01
6.500525751784310691e-01
6.480641038188553749e-01
6.442707358469209611e-01
6.393834535218950732e-01
6.376363624688475840e-01
6.376420501251610640e-01
6.366786974117722986e-01
6.384696335077041374e-01
6.364045344361292100e-01
6.335083903776946856e-01
6.339808937325029925e-01
6.362662945809948178e-01
6.390622085001708141e-01
6.463131502585667265e-01
6.509776095487170844e-01
6.510687809986620556e-01
5.663442765486000896e-01
6.364303587236351811e-01
6.453687864392528839e-01
6.427209118902381668e-01
6.450518859741424249e-01
6.481248576240266068e-01
6.517979587819490161e-01
6.535825971242992249e-01
6.526502511699638909e-01
6.542040382240833507e-01
6.617281967729706782e-01
6.646957290251679362e-01
6.611377845891631688e-01
6.578521084105881656e-01
6.526287995118817964e-01
6.465517848461727057e-01
6.437239313381141192e-01
6.452206659368303621e-01
6.462326347922850989e-01
6.449779232068343360e-01
6.454338372092772724e-01
6.464868588709050679e-01
6.591605598859955339e-01
6.576620739774372559e-01
6.568239664740278538e-01
6.569956879855299858e-01
6.588844781806398876e-01
6.602918271410112006e-01
6.617006207989452049e-01
6.663592634839909934e-01
6.719027927827294633e-01
6.758229927812557936e-01
6.776037956026981224e-01
6.787523162984510083e-01
6.769995693015047333e-01
6.721480744748080660e-01
6.647489841492075779e-01
6.569688074661246269e-01
6.458466640428440764e-01
6.413355314670275975e-01
6.407238313976186816e-01
6.555138035426556486e-01
6.532750336705204219e-01
6.539268910008825264e-01
6.502379094791166381e-01
6.642529630051319245e-01
6.692688852453589909e-01
6.667650065611000487e-01
6.596811030361671158e-01
6.527508144234167586e-01
6.487909275375544071e-01
6.495150080022216166e-01
6.619517005283847011e-01
6.660778781200544785e-01
6.704350561892081783e-01
6.710555770708087620e-01
6.742551560309679726e-01
6.771180004332787439e-01
6.753835305011022250e-01
6.660920573875671602e-01
6.547811595141709295e-01
6.485384411665570115e-01
6.474659730263456758e-01
6.459221558266966534e-01
6.445937215555369582e-01
6.434876579578627798e-01
6.447254221723986989e-01
6.454203107993965460e-01
6.459056089864709804e-01
6.443792628727939009e-01
6.433793598128625391e-01
6.434631647702516721e-01
6.462620454095429068e-01
6.503812848292657156e-01
6.560614128832737979e-01
6.598694459498141152e-01
6.617088728560402977e-01
6.612040453902513493e-01
6.607394557547667802e-01
6.613380434600690805e-01
6.623416406802429268e-01
6.661284269124243540e-01
6.699808356133247766e-01
6.725904041607494444e-01
6.743052446059767391e-01
6.745782644786084692e-01
6.688072254330076349e-01
6.596463096927179803e-01
6.544338207471438462e-01
6.517531722344820366e-01
6.502344940757974756e-01
6.494897355052392518e-01
6.478526770604676743e-01
6.449526588788294656e-01
6.434653696638945597e-01
6.422550663034792828e-01
6.412501029047162904e-01
6.413044607062791114e-01
6.433747630871418099e-01
6.445939663532427311e-01
6.509033300480238093e-01
6.571721430185357704e-01
6.603810138013277431e-01
6.595012230026814359e-01
6.532200446967862950e-01
6.485135136239442710e-01
6.526173529367822468e-01
6.557457269891785456e-01
6.574327370414931870e-01
6.601913743412902713e-01
6.612663712000376171e-01
6.635579341613253579e-01
6.684051087570519467e-01
6.750740097690094421e-01
6.802009389778789217e-01
6.829937913846666486e-01
6.843145597617589226e-01
6.849140863726285167e-01
6.835569860484529414e-01
6.800596909494259767e-01
6.731528118889685830e-01
6.661966214074492854e-01
6.650957655113569622e-01
6.629875675115172173e-01
6.627713487207101961e-01
6.611051280662000318e-01
6.566473827896116555e-01
6.570545117632876631e-01
6.583268870427319008e-01
6.601734323323832365e-01
6.617323899744373961e-01
6.627745142965622005e-01
6.634246846899157779e-01
6.667766975538095275e-01
6.726377222588576510e-01
6.764039577172570317e-01
6.702504432102107668e-01
6.627175714575630483e-01
6.560176442706430189e-01
6.519147266250598927e-01
6.510345076372398010e-01
6.497314507056671795e-01
6.476031410007540012e-01
6.454401148214834461e-01
6.425585841177562374e-01
6.448328036064987501e-01
6.472559493782156226e-01
6.479850780865052950e-01
6.469427511787398943e-01
6.521854815113041770e-01
6.567603197328668596e-01
6.588053034669196784e-01
6.706395704669809721e-01
6.762521709595132879e-01
6.662145695224644948e-01
6.636910684109992298e-01
6.580641491113365937e-01
6.529099048933981742e-01
6.511012803885857236e-01
6.495103250778612169e-01
6.480501201675584744e-01
6.477081046300954270e-01
6.478822189988565627e-01
6.526058332018173092e-01
6.588671079229033722e-01
6.633787819753468318e-01
6.670956351599794942e-01
6.694975364929931505e-01
6.680476693415084988e-01
6.695924534989186050e-01
6.698464393518755999e-01
6.646481571814673028e-01
6.561383978985525500e-01
6.507042146097633539e-01
6.488210502543809710e-01
6.475473809413380133e-01
6.464813479719481171e-01
6.466181042425341863e-01
6.486287288659621231e-01
6.500199811976762332e-01
6.495416410970898946e-01
6.482290370726241369e-01
6.484912533010616098e-01
6.499502189800736573e-01
6.519135762742709339e-01
6.542134074960143097e-01
6.567838686582258001e-01
6.588535102815077371e-01
6.596745699278033781e-01
6.603583842487764644e-01
6.601260433207010170e-01
6.607671865855649918e-01
6.627607623588995800e-01
6.648206511565911692e-01
6.672509473496999188e-01
6.687652616200751021e-01
6.699435182802543354e-01
6.684615089235522722e-01
6.641291246339502408e-01
6.583453201125949450e-01
6.530520125352200500e-01
6.498313250256100293e-01
6.498452384329186371e-01
6.496570084263182387e-01
6.482316379370807180e-01
6.474042011142813191e-01
6.461624133651825419e-01
6.478202928983974873e-01
6.478644776523246884e-01
6.491376074658998796e-01
6.512002037437337743e-01
6.557782706571254616e-01
6.580164147009948117e-01
6.604733416099890508e-01
6.600530917853638657e-01
6.618109930620109660e-01
6.649297872936852372e-01
6.612854159846894841e-01
6.573724841208649083e-01
6.533646260435532760e-01
6.509713274906379077e-01
6.609968530332469561e-01
6.593383776295065335e-01
6.592674802446449878e-01
6.574983668258265190e-01
6.593897153934538125e-01
6.627210766740432302e-01
6.618502004588465715e-01
6.579035814888836153e-01
6.536694603632958733e-01
6.516316204216792141e-01
6.493917113438887334e-01
6.484448573417820327e-01
6.484416767757616995e-01
6.552235194791952155e-01
6.590128601986576795e-01
6.621242411080970891e-01
6.643887259466737527e-01
6.665549186896928546e-01
6.711035936318656692e-01
6.783120320109681245e-01
6.839722251846435119e-01
6.870353395677469832e-01
6.873042817233272483e-01
6.856349572079628585e-01
6.818915446400353186e-01
6.754100873422765883e-01
6.721286706533283750e-01
6.692639691192138196e-01
6.645426595259339431e-01
6.645568998325992460e-01
6.661818175989966395e-01
6.689494544755539840e-01
6.688855011411541929e-01
6.701573350666119033e-01
6.706888077109266488e-01
6.694345666156025221e-01
6.679968969173761817e-01
6.667648427483128248e-01
6.642724086555192864e-01
6.627939489465201062e-01
6.614900947118802499e-01
6.592621052734831677e-01
6.621096917113090674e-01
6.626188256335613369e-01
6.612594293919265009e-01
6.620069092548713785e-01
6.653580170531990801e-01
6.684226087586985221e-01
6.704891937860821827e-01
6.724475702386103482e-01
6.745142441061553473e-01
6.747224802891552686e-01
6.639634017099438346e-01
6.576931879398772995e-01
6.539498506022403124e-01
6.523658985737883498e-01
6.505554999468284860e-01
6.470333969436411481e-01
6.441811047163907844e-01
6.428267857290804743e-01
6.443785066674501127e-01
6.463046180162164145e-01
6.456106475702455549e-01
6.457760562183979536e-01
6.413971104688838132e-01
6.462571901630557170e-01
6.507221602494266399e-01
6.720887632777753362e-01
6.738080932172657578e-01
6.479442674577132744e-01
6.479537361389667849e-01
6.484732199621686677e-01
6.489613235294877658e-01
6.495680014637810196e-01
6.506708052508485274e-01
6.570482056507661595e-01
6.597171165958541916e-01
6.623130985872659471e-01
6.637062175691921251e-01
6.638289316364024417e-01
6.662094366750249685e-01
6.667692756739483917e-01
6.593009096610084052e-01
6.523375574451938386e-01
6.504517152890139098e-01
6.497217327263891118e-01
6.497195693393170712e-01
6.507202210035629708e-01
6.531989691470933002e-01
6.526050283462940804e-01
6.515945302050077936e-01
6.503909149827062919e-01
6.504989875207147776e-01
6.519472993436610242e-01
6.539671777533844210e-01
6.562978437362219086e-01
6.573620180967981730e-01
6.578061223925040224e-01
6.578063801362360463e-01
6.586144329224075111e-01
6.601342874204352285e-01
6.613451074069406355e-01
6.625644534916487194e-01
6.638286049663382204e-01
6.647821048422430934e-01
6.651324825723672340e-01
6.630499728093555145e-01
6.579345112861251232e-01
6.530014139466193690e-01
6.488002550762316245e-01
6.475739290634644485e-01
6.481514983930036777e-01
6.477496084013508737e-01
6.462116732062843649e-01
6.444009369039488400e-01
6.460028121366552245e-01
6.468282288224589394e-01
6.485455591332591752e-01
6.490906621918354213e-01
6.489890725357414514e-01
6.504531577204613058e-01
6.516995452519611653e-01
6.528618105216327239e-01
6.582254484944749517e-01
6.549265079214070528e-01
6.479018779052119203e-01
6.476149904442073391e-01
6.484554216639379920e-01
6.489831606902287664e-01
6.490845750520803925e-01
6.494719070735516242e-01
6.512936333586052395e-01
6.514949684829046683e-01
6.527530874986187115e-01
6.558219065490126232e-01
6.575580746840051782e-01
6.589466720473137196e-01
6.600229527875040025e-01
6.611829278471526017e-01
6.623272223229931255e-01
6.608018621976399221e-01
6.573109245514141552e-01
6.534043686841802812e-01
6.519476445788343622e-01
6.512200868819290056e-01
6.524327292375339260e-01
6.544103101402694023e-01
6.541227061706089696e-01
6.529063521714735252e-01
6.507768740069297397e-01
6.509184960060387937e-01
6.522026822704756199e-01
6.544195114840810623e-01
6.552594274167937716e-01
6.541613396266738878e-01
6.519907677985851135e-01
6.493972400640026787e-01
6.514390620370009710e-01
6.524498493222695705e-01
6.544157184693992768e-01
6.554724797183058005e-01
6.570118857349390717e-01
6.584074139220151833e-01
6.593454271608212292e-01
6.599763301588771336e-01
6.603706014933204971e-01
6.590118240324542853e-01
6.582604455560499002e-01
6.548158114675408648e-01
6.518394192348144767e-01
6.496549240945203030e-01
6.471655002970356785e-01
6.459363323519385913e-01
6.454963794287821299e-01
6.452826020181521294e-01
6.436890037330573744e-01
6.425945670309749502e-01
6.429846539448851317e-01
6.436243176149086809e-01
6.454167908482566496e-01
6.463774649680847917e-01
6.471861031343866255e-01
6.489278035348309270e-01
6.521386286033099555e-01
6.563932618041453670e-01
6.577929050587277837e-01
6.549257419508018874e-01
6.593312041304876248e-01
6.625339465064112865e-01
6.652448783019324630e-01
6.669773824689635422e-01
6.710511180314204793e-01
6.760053775886237792e-01
6.805248000514491080e-01
6.837679235232894115e-01
6.847424087145168592e-01
6.816879065681654692e-01
6.773309295932085083e-01
6.725134307318275662e-01
6.681659628492995218e-01
6.650411812819922996e-01
6.618697368605501730e-01
6.568640278228692342e-01
6.586818748666890544e-01
6.596797912673807440e-01
6.606373237464372439e-01
6.628264223555259127e-01
6.657558852956644291e-01
6.673156072592683064e-01
6.684126915585713036e-01
6.659180968684071944e-01
6.653344950226720567e-01
6.646078898447588257e-01
6.654391424189000093e-01
6.634117174938174433e-01
6.626562410960518124e-01
6.626125046799029583e-01
6.622128885075715399e-01
6.601847742137714192e-01
6.577956758267626824e-01
6.582792728159824192e-01
6.618160155345003126e-01
6.657926856168951968e-01
6.682418943582505433e-01
6.694689889905640623e-01
6.718889566541007552e-01
6.721236956114183814e-01
6.703745045444380324e-01
6.667430944818090177e-01
6.710728456546298792e-01
6.696047558169062608e-01
6.654088504366609813e-01
6.600824898650577977e-01
6.555591685601386276e-01
6.530332133692953178e-01
6.514854572162167567e-01
6.493580632589319723e-01
6.480940607492510219e-01
6.483762676436064520e-01
6.493538808865674250e-01
6.502057716396154596e-01
6.475759022257573383e-01
6.440754682944174192e-01
6.426309545367632214e-01
6.417299930833020305e-01
6.413566487179710451e-01
6.437638916886638807e-01
6.472702581679449230e-01
6.510992790748053594e-01
6.505515450254792942e-01
6.539840822717827296e-01
6.590982628197187276e-01
6.606900733621364763e-01
6.593934978537591141e-01
6.581158579530941299e-01
6.583569500864608903e-01
6.569758509382521705e-01
6.584994014435646692e-01
6.565665303959635768e-01
6.542955354091208875e-01
6.530728776065973795e-01
6.538843797312764439e-01
6.550801554162803964e-01
6.545568784041115862e-01
6.520161776948601995e-01
6.505163155999929003e-01
6.505476734518689241e-01
6.512612821697911780e-01
6.503756721147090358e-01
6.499202840431371753e-01
6.490647863033073284e-01
6.489899718128187001e-01
6.490975771230909075e-01
6.504119659999972880e-01
6.505700406838095251e-01
6.505626225754281844e-01
6.509875329040554215e-01
6.524179052086074293e-01
6.538224852674321408e-01
6.554299396242780906e-01
6.570388590945539509e-01
6.580214868304139486e-01
6.592266150914928291e-01
6.593444613430443635e-01
6.596307408372618086e-01
6.590327739292630715e-01
6.534011699962112285e-01
6.512008741375772125e-01
6.482283699199744564e-01
6.460322606030834969e-01
6.447119263941553102e-01
6.615678202862067536e-01
6.597744078000150614e-01
6.442667743021895932e-01
6.428988587931322440e-01
6.418988251259117872e-01
6.419589063294570686e-01
6.464254460466548613e-01
6.457942547581384529e-01
6.507195368367058030e-01
6.552069937509865660e-01
6.587370327258662561e-01
6.614712564899655201e-01
6.649805671116176820e-01
6.698742841358565903e-01
6.747449646977096149e-01
6.780747698008551261e-01
6.792584406244486228e-01
6.786174159164061193e-01
6.760619222625101621e-01
6.719998912822838788e-01
6.673475783015573315e-01
6.639867380103123828e-01
6.563407522648228021e-01
6.554124642379346444e-01
6.521117481416811579e-01
6.526959783392706216e-01
6.553385363163081179e-01
6.568364064717151507e-01
6.594162538383832040e-01
6.621356042260724273e-01
6.641614486396172357e-01
6.635324799185315925e-01
6.602410248388508318e-01
6.589464505611611900e-01
6.588569437536521134e-01
6.598396373687767102e-01
6.613234274977030092e-01
6.628438959453710755e-01
6.645508846427973237e-01
6.640241185140624003e-01
6.613661119919533871e-01
6.590695501908520049e-01
6.578994273563590900e-01
6.604891380702280212e-01
6.636734744116498108e-01
6.655216446349911941e-01
6.678628228864676997e-01
6.694482851633001275e-01
6.700223711113610925e-01
6.675959107581123098e-01
6.626945437629976343e-01
6.579309650386429009e-01
6.612754373209620562e-01
6.653960592222325499e-01
6.679196545860572876e-01
6.661290108084245709e-01
6.619071106127902837e-01
6.565959686473857859e-01
6.532438919880202421e-01
6.530057038384131651e-01
6.538497192413436077e-01
6.539111379901231258e-01
6.529132805656360228e-01
6.524175457082866947e-01
6.513298561191132041e-01
6.484875263426833625e-01
6.465725176941236052e-01
6.462263875426345061e-01
6.463612663259119540e-01
6.470954069196034331e-01
6.399131033449210193e-01
6.573253313651119534e-01
6.597288300343870926e-01
6.585792452495846661e-01
6.551351887625666004e-01
6.551352184802973211e-01
6.531023201705987713e-01
6.585547623851047971e-01
6.626087740625954403e-01
6.601298064016515310e-01
6.555155733810882346e-01
6.498903976242663694e-01
6.497719306105436132e-01
6.486054901111015791e-01
6.475537848522776585e-01
6.483037990219573388e-01
6.507795541687992902e-01
6.509706329313255102e-01
6.506482010420845397e-01
6.505172763929034652e-01
6.469103048603309647e-01
6.505119713616852595e-01
6.545771008027657656e-01
6.601473810417272103e-01
6.661774263416513353e-01
6.701634042778411571e-01
6.725445999691350707e-01
6.733340388603461513e-01
6.717839581858976450e-01
6.679002648495898642e-01
6.646279835152927307e-01
6.623736833159654669e-01
6.593383295788204368e-01
6.569652104255023772e-01
6.547565590077059072e-01
6.512799948526047933e-01
6.494527728353792773e-01
6.506576572498468103e-01
6.543288905966573310e-01
6.568166964746388059e-01
6.584053590353357022e-01
6.596523669835738790e-01
6.582604549639385905e-01
6.548895251860779032e-01
6.536999350385417351e-01
6.564351337779728013e-01
6.580457506021208935e-01
6.607130042791304891e-01
6.634187045045289999e-01
6.646323748388587305e-01
6.615829779649003983e-01
6.584864100723597513e-01
6.604392250493958949e-01
6.643176709301473748e-01
6.663633273679320235e-01
6.664328245720548827e-01
6.672104712881461452e-01
6.671334609518405623e-01
6.649791669294755625e-01
6.614714665698349094e-01
6.558082200482113766e-01
6.527878661815328387e-01
6.618904574958064391e-01
6.524326321888770375e-01
6.499876529390908875e-01
6.585598600054198837e-01
6.600428336628687553e-01
6.466257728479086753e-01
6.470898886867240130e-01
6.509291147359580476e-01
6.538898499648043705e-01
6.554494230365710550e-01
6.556233813502415630e-01
6.543879381122668093e-01
6.550986645251680729e-01
6.527565489160293000e-01
6.550439463100822257e-01
6.586172046329958896e-01
6.599293051450479952e-01
6.591239459737879836e-01
6.574838310954103093e-01
6.550473819444248003e-01
6.559995551156722060e-01
6.584000136065311093e-01
6.610247295218243391e-01
6.605821739562599548e-01
6.590213733056250467e-01
6.624147790133095848e-01
6.587572734611902847e-01
6.564172804134753569e-01
6.543711171305457430e-01
6.541764761060794298e-01
6.534658123602280488e-01
6.525167538226203101e-01
6.506959696173790775e-01
6.504153091165071343e-01
6.503410527401525254e-01
6.492328792592624298e-01
6.481270941219563486e-01
6.475060799252667643e-01
6.478080351901592815e-01
6.494226296078270400e-01
6.505518754755297284e-01
6.506807711503784786e-01
6.525496921698501485e-01
6.512883112506546723e-01
6.511419546869341435e-01
6.515566673856076907e-01
6.519874826800553524e-01
6.531278342416432237e-01
6.556788140851721458e-01
6.574823327540667561e-01
6.528510403025072906e-01
6.489424110110233457e-01
6.488012593895396973e-01
6.508422512125073833e-01
6.535282470339081051e-01
6.580168452902225296e-01
6.615598249686063248e-01
6.639529816591016598e-01
6.647823688629417305e-01
6.632688966855543322e-01
6.573878402516241115e-01
6.544986156599473803e-01
6.532548839741214586e-01
6.537080761039666399e-01
6.583127163312295638e-01
6.601923782406301511e-01
6.608986126434035491e-01
6.614272968868970537e-01
6.614932345995307994e-01
6.607623879346129492e-01
6.618826863589363230e-01
6.617713062879658770e-01
6.596493799767217947e-01
6.570818496568752165e-01
6.536523994059084686e-01
6.499681392278651160e-01
6.471629129391176516e-01
6.529128723114031585e-01
6.535797808882854998e-01
6.468622439624394094e-01
6.472083162878248253e-01
6.413979723902440977e-01
6.403116699155591007e-01
6.456156700813994176e-01
6.481309240491159862e-01
6.496032842279950703e-01
6.502373229735273208e-01
6.518294233691844797e-01
6.508704352998838649e-01
6.561676805335703300e-01
6.614935781825348471e-01
6.643396704217090498e-01
6.583572846448956239e-01
6.510266539107407713e-01
6.531812597119807107e-01
6.536465749812115922e-01
6.591065042785020367e-01
6.602914937668965534e-01
6.572202234097905826e-01
6.535270016250895875e-01
6.509679444021693184e-01
6.498387632201415576e-01
6.488620956237988180e-01
6.503539873287265127e-01
6.502188602013934116e-01
6.492724081210161646e-01
6.487711410413046220e-01
6.476056347044699679e-01
6.518347025397602801e-01
6.507741554847127352e-01
6.511116292545185980e-01
6.523644906325788417e-01
6.537784025446692349e-01
6.571581019021077719e-01
6.579468669146663062e-01
6.581577592104056462e-01
6.583747213570116941e-01
6.585372663841773111e-01
6.580313148325569461e-01
6.608475737062893263e-01
6.634468295979740748e-01
6.644517558647066169e-01
6.516622112546328616e-01
6.653747815849846425e-01
6.652427148645111421e-01
6.651481088446147272e-01
6.640889967888400358e-01
6.629288263156216665e-01
6.615903193382201009e-01
6.594481748688139078e-01
6.574665438206690471e-01
6.491703247834410551e-01
6.594113571212297797e-01
6.579072061381293635e-01
6.555169109123593074e-01
6.523286268907499963e-01
6.501394545094549837e-01
6.524507081179214962e-01
6.550636121744430884e-01
6.550406956655658863e-01
6.535666363368406451e-01
6.510397825594552712e-01
6.495706020320695107e-01
6.484203247360561528e-01
6.489947541030588463e-01
6.495261811597174972e-01
6.519472281122303814e-01
6.521221659722820085e-01
6.524403937549247967e-01
6.552778579645820445e-01
6.590204900340032035e-01
6.602474504354576279e-01
6.612740362735035626e-01
6.603064874025739162e-01
6.637802237920205073e-01
6.416125731800673693e-01
6.406434771021911612e-01
6.433709681441582839e-01
6.667233837235887473e-01
6.623645971009364253e-01
6.579813454203490286e-01
6.493029166227524129e-01
6.550448767782880433e-01
6.555803803780451133e-01
6.612979072054508967e-01
6.601819145157071800e-01
6.639425896146229356e-01
6.547732880721979232e-01
6.609323866357356136e-01
6.599366313183765431e-01
6.626245502005523313e-01
6.660445684972763347e-01
6.657841930745510561e-01
6.672508127374429110e-01
6.608090846559198095e-01
6.548250655246032892e-01
6.565053851680335839e-01
6.587632937508139941e-01
6.545516022716022508e-01
6.516831129642824960e-01
6.502169041795966553e-01
6.495780089616075559e-01
6.484870812174100552e-01
6.588087852639610276e-01
6.597329325444348802e-01
6.613379277759554586e-01
6.622177409845900753e-01
6.632532688738993487e-01
6.580820502759833213e-01
6.580625658526648714e-01
6.584346156073577205e-01
6.418828278677396471e-01
6.426084922108197262e-01
6.516251742143533976e-01
6.497547161158180318e-01
6.484770196262208408e-01
6.488735844019172250e-01
6.613373818208160282e-01
6.582800831389317153e-01
6.407646790300738360e-01
6.446180976263129470e-01
6.412062891277457988e-01
6.425318691326523668e-01
6.461852235756190277e-01
6.427816105658246126e-01
6.517439789690764318e-01
6.516818267963012667e-01
6.480894149739632182e-01
6.487095277471520705e-01
6.479365245177169941e-01
6.488675393390247459e-01
6.592353862128963460e-01
6.558800799935666781e-01
6.604847090094110307e-01
6.616987478959137636e-01
6.527558349904685198e-01
6.523846057000117771e-01
6.518800916376592536e-01
6.553619713554709181e-01
6.498889578306521475e-01
6.513931417639451382e-01
