4.911009073593664009e-01
5.455142550316924854e-01
5.605359573842351173e-01
5.239262431312395885e-01
6.035833172398941127e-01
7.253455460908697638e-01
5.551357369699632116e-01
7.547404238501246310e-01
8.149717798594966478e-01
8.632178954834910378e-01
8.949441863241605066e-01
9.078421663008057196e-01
8.788330212950068443e-01
7.188169135700841483e-01
5.023658189172179878e-01
4.967707638547608218e-01
4.108446242569493423e-01
3.712677563905937284e-01
3.778413916339649070e-01
3.773511504849964560e-01
3.809349226514155418e-01
3.762900000962635105e-01
3.739635389105904761e-01
3.732238678294055867e-01
3.804166370896229221e-01
4.500175818890632673e-01
3.918265191801775793e-01
3.703987202599664519e-01
3.719547267162280346e-01
3.793917471062341340e-01
4.381505118565963697e-01
5.447842179298588716e-01
6.045777664261134943e-01
5.786693815961732046e-01
4.837507555078767174e-01
3.776333798389872598e-01
3.572635282434637460e-01
3.508078026638675184e-01
3.459358378346390483e-01
3.508993786560947181e-01
3.575472768020382941e-01
3.594299987046922218e-01
3.750524100354649670e-01
3.725181766928526983e-01
3.591003392010870821e-01
3.565279944957327474e-01
3.484561608816820755e-01
3.524864442091618089e-01
3.515626939078205782e-01
3.553857399979311049e-01
3.546242943804838732e-01
3.415929750491582539e-01
3.220132316458451105e-01
3.389945122683800105e-01
3.544270714578195425e-01
3.664619879955303694e-01
3.735679833627261193e-01
4.227170812337861516e-01
4.321964643684368945e-01
4.550098736152339840e-01
5.726168134680775790e-01
5.945403160294966405e-01
5.585312198616340096e-01
6.011254751723820178e-01
5.957218720428905101e-01
6.021251825538749269e-01
5.107804958399407846e-01
4.160514456252316640e-01
3.531747183800989509e-01
3.378757973171561124e-01
3.269976606549170883e-01
3.325162010424055348e-01
3.367091713208774095e-01
3.418035476945596174e-01
3.399269537148943421e-01
3.302947573356014299e-01
3.613198181757069638e-01
3.648743992670889225e-01
3.492986140853692190e-01
3.325540420495763372e-01
3.240665544606953219e-01
3.305080563587162734e-01
3.514318346542598670e-01
3.658016752630218194e-01
3.618301088545846089e-01
3.510675763553847695e-01
3.482493851521456518e-01
3.619338103886091118e-01
3.688664635952918491e-01
3.705524535962163024e-01
3.704358829943958376e-01
3.742752243248801958e-01
3.802154515462994877e-01
3.630813506380444755e-01
3.746706602118428098e-01
3.876383929106322346e-01
4.017220916031304379e-01
4.001580708624498661e-01
3.938978242665784335e-01
3.712733640505512800e-01
4.149113648604894067e-01
4.185150793658573565e-01
4.107672376266874315e-01
3.982627977238835104e-01
3.785718667499748391e-01
3.723644964704509452e-01
3.688075604276394026e-01
3.677463072722438331e-01
3.656423627336594095e-01
3.627653770979534786e-01
3.586173825383893177e-01
3.568236586461003834e-01
3.595934623500313676e-01
3.581328148978920045e-01
3.571321803572238274e-01
3.595512543724855847e-01
3.651641707055421349e-01
3.680274536892005344e-01
3.729436751250416737e-01
3.761341982645590165e-01
3.738438953816119459e-01
3.685400865938536219e-01
3.632893697872105476e-01
3.498643219757224809e-01
3.436580786409595967e-01
3.501552770653790225e-01
3.546313977506335702e-01
3.533086289606665598e-01
3.501903543645030203e-01
3.476621730583931424e-01
3.477749264971710663e-01
3.483825911658757213e-01
3.447116833737265962e-01
3.418209294297690493e-01
3.412207516021132925e-01
3.395148564187579487e-01
3.377070618642228905e-01
3.395576722870084496e-01
3.442470778810819421e-01
3.518631500547158009e-01
3.620813279157177877e-01
3.788709061451973614e-01
3.494000547879919649e-01
3.513858770331402814e-01
3.510181557708522138e-01
3.490430292714287175e-01
3.454060811317791191e-01
3.476379120555129765e-01
3.468960610382238463e-01
3.371649394850383397e-01
3.272582522189201315e-01
3.337512861220905958e-01
3.414298953950333226e-01
3.509865034443037102e-01
3.561642962010846403e-01
3.594503357642911956e-01
3.625652197893808881e-01
3.652861585679204603e-01
3.667364285888887188e-01
3.667220904660777880e-01
3.702246898718083989e-01
3.760236354140236714e-01
3.843941356142545063e-01
4.059541983693736311e-01
4.157443473777084342e-01
3.619231385922470068e-01
3.409991524684869990e-01
3.282722063529139866e-01
3.300223754581738111e-01
3.350470077690214654e-01
3.429611384242795546e-01
3.503707347484354973e-01
3.549743686117211583e-01
3.554689748061229393e-01
3.497256631847665553e-01
3.484603901216734578e-01
3.456095615067635296e-01
3.305649053333890586e-01
3.216624921180651908e-01
3.161976909277455228e-01
3.286393537475064131e-01
3.491402501932838187e-01
3.534983937416981692e-01
3.499474248215689864e-01
3.519358961811445696e-01
3.557292641530790389e-01
3.606165464781048713e-01
3.623636375311524715e-01
3.623579498748389915e-01
3.633213025882277569e-01
3.615303664922958071e-01
3.635954655638708455e-01
3.664916096223052588e-01
3.660191062674970075e-01
3.637337054190052377e-01
3.609377914998291859e-01
3.536868497414333290e-01
3.490223904512829156e-01
3.489312190013379444e-01
4.336557234513998549e-01
3.635696412763648189e-01
3.546312135607471716e-01
3.572790881097618887e-01
3.549481140258576306e-01
3.518751423759733932e-01
3.482020412180509283e-01
3.464174028757008306e-01
3.473497488300360536e-01
3.457959617759166493e-01
3.382718032270293218e-01
3.353042709748320638e-01
3.388622154108368867e-01
3.421478915894118344e-01
3.473712004881181481e-01
3.534482151538273498e-01
3.562760686618858808e-01
3.547793340631695824e-01
3.537673652077148456e-01
3.550220767931657195e-01
3.545661627907227276e-01
3.535131411290949321e-01
3.408394401140044661e-01
3.423379260225627441e-01
3.431760335259720907e-01
3.430043120144699587e-01
3.411155218193601124e-01
3.397081728589887439e-01
3.382993792010548506e-01
3.336407365160090066e-01
3.280972072172704812e-01
3.241770072187442064e-01
3.223962043973018776e-01
3.212476837015489362e-01
3.230004306984952667e-01
3.278519255251919340e-01
3.352510158507924776e-01
3.430311925338754286e-01
3.541533359571559236e-01
3.586644685329723470e-01
3.592761686023813184e-01
3.444861964573442958e-01
3.467249663294795781e-01
3.460731089991175291e-01
3.497620905208834174e-01
3.357470369948680755e-01
3.307311147546410091e-01
3.332349934389000068e-01
3.403188969638329398e-01
3.472491855765832969e-01
3.512090724624455929e-01
3.504849919977783834e-01
3.380482994716152989e-01
3.339221218799454660e-01
3.295649438107917661e-01
3.289444229291912936e-01
3.257448439690319719e-01
3.228819995667212561e-01
3.246164694988978305e-01
3.339079426124328953e-01
3.452188404858291260e-01
3.514615588334429885e-01
3.525340269736542687e-01
3.540778441733033466e-01
3.554062784444630974e-01
3.565123420421371647e-01
3.552745778276012456e-01
3.545796892006034540e-01
3.540943910135290751e-01
3.556207371272060991e-01
3.566206401871374054e-01
3.565368352297483279e-01
3.537379545904570932e-01
3.496187151707342844e-01
3.439385871167262021e-01
3.401305540501858293e-01
3.382911271439597023e-01
3.387959546097486507e-01
3.392605442452331643e-01
3.386619565399309195e-01
3.376583593197570732e-01
3.338715730875757015e-01
3.300191643866752234e-01
3.274095958392505001e-01
3.256947553940233164e-01
3.254217355213915308e-01
3.311927745669923095e-01
3.403536903072820197e-01
3.455661792528561538e-01
3.482468277655179079e-01
3.497655059242024689e-01
3.505102644947608037e-01
3.521473229395323257e-01
3.550473411211705899e-01
3.565346303361054403e-01
3.577449336965207727e-01
3.587498970952837096e-01
3.586955392937208886e-01
3.566252369128581345e-01
3.554060336467572689e-01
3.490966699519761907e-01
3.428278569814642851e-01
3.396189861986723124e-01
3.404987769973186196e-01
3.467799553032137050e-01
3.514864863760556735e-01
3.473826470632176977e-01
3.442542730108214544e-01
3.425672629585068130e-01
3.398086256587096732e-01
3.387336287999624385e-01
3.364420658386746421e-01
3.315948912429479978e-01
3.249259902309905579e-01
3.197990610221210228e-01
3.170062086153333514e-01
3.156854402382410774e-01
3.150859136273715388e-01
3.164430139515471141e-01
3.199403090505740233e-01
3.268471881110314170e-01
3.338033785925506591e-01
3.349042344886430378e-01
3.370124324884827272e-01
3.372286512792898594e-01
3.388948719337999682e-01
3.433526172103884000e-01
3.429454882367123369e-01
3.416731129572680992e-01
3.398265676676167635e-01
3.382676100255626039e-01
3.372254857034378550e-01
3.365753153100842221e-01
3.332233024461904725e-01
3.273622777411423490e-01
3.235960422827429683e-01
3.297495567897892887e-01
3.372824285424369517e-01
3.439823557293570366e-01
3.480852733749401628e-01
3.489654923627601990e-01
3.502685492943327650e-01
3.523968589992459433e-01
3.545598851785166095e-01
3.574414158822437626e-01
3.551671963935012499e-01
3.527440506217843219e-01
3.520149219134947050e-01
3.530572488212601612e-01
3.478145184886958785e-01
3.432396802671330849e-01
3.411946965330802661e-01
3.293604295330189724e-01
3.237478290404866565e-01
3.337854304775355052e-01
3.363089315890008257e-01
3.419358508886633508e-01
3.470900951066018258e-01
3.488987196114142764e-01
3.504896749221387831e-01
3.519498798324414701e-01
3.522918953699046285e-01
3.521177810011434373e-01
3.473941667981827464e-01
3.411328920770966833e-01
3.366212180246531127e-01
3.329043648400205058e-01
3.305024635070067940e-01
3.319523306584915012e-01
3.304075465010813950e-01
3.301535606481244556e-01
3.353518428185326972e-01
3.438616021014474500e-01
3.492957853902366461e-01
3.511789497456189735e-01
3.524526190586619867e-01
3.535186520280518829e-01
3.533818957574658692e-01
3.513712711340378214e-01
3.499800188023237668e-01
3.504583589029101609e-01
3.517709629273759186e-01
3.515087466989383347e-01
3.500497810199262871e-01
3.480864237257290106e-01
3.457865925039856903e-01
3.432161313417741999e-01
3.411464897184923184e-01
3.403254300721966219e-01
3.396416157512234801e-01
3.398739566792989830e-01
3.392328134144350082e-01
3.372392376411003645e-01
3.351793488434088308e-01
3.327490526503000812e-01
3.312347383799248979e-01
3.300564817197456646e-01
3.315384910764476722e-01
3.358708753660497037e-01
3.416546798874050550e-01
3.469479874647798945e-01
3.501686749743899707e-01
3.501547615670813629e-01
3.503429915736817057e-01
3.517683620629192820e-01
3.525957988857187364e-01
3.538375866348175136e-01
3.521797071016024572e-01
3.521355223476752561e-01
3.508623925341001759e-01
3.487997962562662813e-01
3.442217293428744829e-01
3.419835852990051883e-01
3.395266583900110047e-01
3.399469082146361343e-01
3.381890069379890895e-01
3.350702127063148184e-01
3.387145840153104603e-01
3.426275158791351472e-01
3.466353739564467240e-01
3.490286725093621478e-01
3.390031469667530439e-01
3.406616223704934110e-01
3.407325197553549567e-01
3.425016331741734255e-01
3.406102846065461875e-01
3.372789233259568253e-01
3.381497995411534285e-01
3.420964185111164402e-01
3.463305396367041822e-01
3.483683795783207859e-01
3.506082886561113221e-01
3.515551426582180228e-01
3.515583232242383560e-01
3.447764805208047845e-01
3.409871398013423205e-01
3.378757588919028554e-01
3.356112740533261918e-01
3.334450813103071454e-01
3.288964063681343308e-01
3.216879679890318755e-01
3.160277748153564881e-01
3.129646604322530168e-01
3.126957182766727517e-01
3.143650427920370860e-01
3.181084553599646259e-01
3.245899126577234672e-01
3.278713293466716250e-01
3.307360308807862359e-01
3.354573404740660569e-01
3.354431001674007540e-01
3.338181824010033605e-01
3.310505455244460160e-01
3.311144988588458071e-01
3.298426649333880412e-01
3.293111922890733512e-01
3.305654333843975334e-01
3.320031030826238183e-01
3.332351572516871197e-01
3.357275913444807136e-01
3.372060510534798383e-01
3.385099052881196946e-01
3.407378947265168323e-01
3.378903082886909326e-01
3.373811743664387186e-01
3.387405706080734991e-01
3.379930907451286770e-01
3.346419829468008644e-01
3.315773912413015334e-01
3.295108062139178173e-01
3.275524297613896518e-01
3.254857558938446527e-01
3.252775197108447314e-01
3.360365982900561654e-01
3.423068120601227005e-01
3.460501493977597431e-01
3.476341014262117057e-01
3.494445000531715140e-01
3.529666030563588519e-01
3.558188952836091601e-01
3.571732142709195812e-01
3.556214933325498873e-01
3.536953819837835855e-01
3.543893524297545006e-01
3.542239437816020464e-01
3.586028895311161868e-01
3.537428098369443386e-01
3.492778397505734156e-01
3.279112367222247193e-01
3.261919067827342422e-01
3.520557325422867256e-01
3.520462638610332151e-01
3.515267800378313323e-01
3.510386764705122342e-01
3.504319985362189804e-01
3.493291947491514171e-01
3.429517943492337850e-01
3.402828834041458639e-01
3.376869014127340529e-01
3.362937824308079304e-01
3.361710683635975583e-01
3.337905633249750870e-01
3.332307243260516083e-01
3.406990903389916503e-01
3.476624425548061059e-01
3.495482847109860902e-01
3.502782672736108327e-01
3.502804306606828733e-01
3.492797789964369737e-01
3.468010308529066998e-01
3.473949716537059751e-01
3.484054697949922064e-01
3.496090850172936526e-01
3.495010124792851669e-01
3.480527006563389758e-01
3.460328222466155790e-01
3.437021562637780914e-01
3.426379819032017715e-01
3.421938776074960331e-01
3.421936198637640092e-01
3.413855670775924334e-01
3.398657125795648271e-01
3.386548925930593645e-01
3.374355465083512806e-01
3.361713950336618351e-01
3.352178951577569066e-01
3.348675174276327660e-01
3.369500271906444855e-01
3.420654887138749323e-01
3.469985860533806310e-01
3.511997449237683200e-01
3.524260709365355515e-01
3.518485016069963223e-01
3.522503915986491263e-01
3.537883267937155796e-01
3.555990630960511045e-01
3.539971878633447755e-01
3.531717711775410051e-01
3.514544408667407693e-01
3.509093378081646342e-01
3.510109274642585486e-01
3.495468422795386942e-01
3.483004547480388347e-01
3.471381894783672761e-01
3.417745515055250483e-01
3.450734920785929472e-01
3.520981220947880797e-01
3.523850095557927165e-01
3.515445783360620080e-01
3.510168393097712891e-01
3.509154249479196075e-01
3.505280929264483758e-01
3.487063666413947605e-01
3.485050315170953317e-01
3.472469125013813440e-01
3.441780934509873768e-01
3.424419253159948773e-01
3.410533279526862249e-01
3.399770472124959975e-01
3.388170721528474538e-01
3.376727776770068745e-01
3.391981378023600779e-01
3.426890754485858448e-01
3.465956313158197188e-01
3.480523554211656378e-01
3.487799131180709944e-01
3.475672707624660740e-01
3.455896898597305422e-01
3.458772938293910859e-01
3.470936478285265303e-01
3.492231259930702603e-01
3.490815039939612063e-01
3.477973177295243801e-01
3.455804885159189377e-01
3.447405725832061729e-01
3.458386603733260567e-01
3.480092322014148865e-01
3.506027599359973213e-01
3.485609379629989735e-01
3.475501506777304295e-01
3.455842815306007787e-01
3.445275202816942550e-01
3.429881142650609283e-01
3.415925860779848167e-01
3.406545728391787153e-01
3.400236698411228664e-01
3.396293985066795584e-01
3.409881759675457702e-01
3.417395544439501553e-01
3.451841885324590797e-01
3.481605807651855233e-01
3.503450759054797525e-01
3.528344997029642660e-01
3.540636676480614087e-01
3.545036205712179256e-01
3.547173979818478706e-01
3.563109962669426256e-01
3.574054329690250498e-01
3.570153460551149238e-01
3.563756823850913746e-01
3.545832091517433504e-01
3.536225350319151528e-01
3.528138968656133745e-01
3.510721964651691285e-01
3.478613713966901000e-01
3.436067381958546330e-01
3.422070949412722163e-01
3.450742580491981681e-01
3.406687958695123752e-01
3.374660534935886580e-01
3.347551216980675370e-01
3.330226175310364023e-01
3.289488819685794652e-01
3.239946224113762208e-01
3.194751999485508365e-01
3.162320764767105885e-01
3.152575912854831963e-01
3.183120934318345863e-01
3.226690704067914917e-01
3.274865692681723783e-01
3.318340371507005337e-01
3.349588187180076448e-01
3.381302631394497715e-01
3.431359721771307658e-01
3.413181251333110011e-01
3.403202087326192005e-01
3.393626762535627006e-01
3.371735776444741428e-01
3.342441147043355154e-01
3.326843927407316381e-01
3.315873084414286964e-01
3.340819031315928056e-01
3.346655049773279988e-01
3.353921101552411188e-01
3.345608575810999907e-01
3.365882825061825567e-01
3.373437589039481876e-01
3.373874953200970972e-01
3.377871114924285156e-01
3.398152257862285808e-01
3.422043241732373176e-01
3.417207271840175808e-01
3.381839844654997429e-01
3.342073143831048032e-01
3.317581056417494012e-01
3.305310110094359377e-01
3.281110433458992448e-01
3.278763043885816186e-01
3.296254954555619676e-01
3.332569055181909823e-01
3.289271543453700652e-01
3.303952441830937392e-01
3.345911495633389632e-01
3.399175101349421468e-01
3.444408314398613724e-01
3.469667866307046267e-01
3.485145427837831877e-01
3.506419367410680832e-01
3.519059392507489226e-01
3.516237323563934924e-01
3.506461191134325195e-01
3.497942283603845404e-01
3.524240977742426617e-01
3.559245317055826363e-01
3.573690454632368341e-01
3.582700069166979695e-01
3.586433512820289549e-01
3.562361083113361193e-01
3.527297418320550770e-01
3.489007209251945851e-01
3.494484549745207058e-01
3.460159177282172704e-01
3.409017371802813279e-01
3.393099266378635237e-01
3.406065021462408304e-01
3.418841420469058145e-01
3.416430499135391097e-01
3.430241490617478295e-01
3.415005985564353308e-01
3.434334696040364232e-01
3.457044645908791125e-01
3.469271223934026205e-01
3.461156202687235561e-01
3.449198445837196036e-01
3.454431215958884138e-01
3.479838223051398005e-01
3.494836844000070997e-01
3.494523265481311314e-01
3.487387178302088775e-01
3.496243278852909087e-01
3.500797159568627692e-01
3.509352136966926161e-01
3.510100281871812999e-01
3.509024228769090370e-01
3.495880340000027120e-01
3.494299593161904194e-01
3.494373774245718711e-01
3.490124670959445230e-01
3.475820947913925707e-01
3.461775147325678592e-01
3.445700603757219649e-01
3.429611409054460491e-01
3.419785131695859959e-01
3.407733849085071709e-01
3.406555386569556365e-01
3.403692591627381359e-01
3.409672260707369840e-01
3.465988300037887160e-01
3.487991258624227320e-01
3.517716300800254881e-01
3.539677393969165586e-01
3.552880736058446898e-01
3.384321797137932464e-01
3.402255921999849386e-01
3.557332256978104068e-01
3.571011412068677560e-01
3.581011748740882128e-01
3.580410936705429314e-01
3.535745539533450832e-01
3.542057452418616026e-01
3.492804631632941970e-01
3.447930062490134340e-01
3.412629672741337994e-01
3.385287435100345355e-01
3.350194328883823180e-01
3.301257158641434653e-01
3.252550353022903851e-01
3.219252301991448184e-01
3.207415593755513772e-01
3.213825840835939363e-01
3.239380777374898934e-01
3.280001087177161767e-01
3.326524216984427240e-01
3.360132619896875616e-01
3.436592477351771979e-01
3.445875357620653556e-01
3.478882518583188976e-01
3.473040216607294339e-01
3.446614636836918821e-01
3.431635935282847938e-01
3.405837461616167960e-01
3.378643957739276282e-01
3.358385513603827088e-01
3.364675200814683520e-01
3.397589751611491682e-01
3.410535494388388100e-01
3.411430562463478311e-01
3.401603626312232898e-01
3.386765725022970464e-01
3.371561040546289245e-01
3.354491153572026207e-01
3.359758814859375997e-01
3.386338880080466129e-01
3.409304498091480506e-01
3.421005726436409100e-01
3.395108619297719788e-01
3.363265255883501892e-01
3.344783553650088059e-01
3.321371771135323003e-01
3.305517148366999280e-01
3.299776288886389075e-01
3.324040892418876347e-01
3.373054562370023657e-01
3.420690349613570991e-01
3.387245626790379993e-01
3.346039407777674501e-01
3.320803454139427680e-01
3.338709891915754846e-01
3.380928893872097163e-01
3.434040313526142696e-01
3.467561080119797579e-01
3.469942961615867794e-01
3.461502807586564479e-01
3.460888620098769297e-01
3.470867194343639217e-01
3.475824542917133608e-01
3.486701438808867959e-01
3.515124736573165820e-01
3.534274823058763948e-01
3.537736124573654939e-01
3.536387336740881016e-01
3.529045930803966225e-01
3.600868966550789807e-01
3.426746686348880466e-01
3.402711699656128519e-01
3.414207547504153339e-01
3.448648112374333996e-01
3.448647815197026789e-01
3.468976798294012287e-01
3.414452376148952029e-01
3.373912259374045042e-01
3.398701935983484690e-01
3.444844266189118209e-01
3.501096023757336861e-01
3.502280693894564423e-01
3.513945098888984209e-01
3.524462151477223970e-01
3.516962009780426612e-01
3.492204458312007098e-01
3.490293670686744898e-01
3.493517989579154048e-01
3.494827236070965348e-01
3.530896951396690353e-01
3.494880286383147405e-01
3.454228991972342344e-01
3.398526189582727342e-01
3.338225736583486647e-01
3.298365957221588984e-01
3.274554000308649848e-01
3.266659611396538487e-01
3.282160418141024105e-01
3.320997351504101358e-01
3.353720164847072693e-01
3.376263166840345886e-01
3.406616704211795077e-01
3.430347895744975673e-01
3.452434409922940928e-01
3.487200051473952067e-01
3.505472271646207783e-01
3.493423427501531897e-01
3.456711094033426690e-01
3.431833035253611941e-01
3.415946409646642978e-01
3.403476330164261210e-01
3.417395450360614095e-01
3.451104748139220968e-01
3.463000649614582649e-01
3.435648662220271987e-01
3.419542493978791065e-01
3.392869957208695664e-01
3.365812954954710556e-01
3.353676251611412695e-01
3.384170220350996017e-01
3.415135899276402487e-01
3.395607749506041606e-01
3.356823290698526252e-01
3.336366726320679765e-01
3.335671754279451728e-01
3.327895287118537992e-01
3.328665390481594932e-01
3.350208330705244375e-01
3.385285334301650351e-01
3.441917799517886789e-01
3.472121338184671613e-01
3.381095425041935054e-01
3.475673678111229625e-01
3.500123470609091125e-01
3.414401399945801163e-01
3.399571663371311891e-01
3.533742271520913802e-01
3.529101113132759870e-01
3.490708852640419524e-01
3.461101500351955740e-01
3.445505769634289450e-01
3.443766186497584925e-01
3.456120618877332462e-01
3.449013354748319271e-01
3.472434510839707000e-01
3.449560536899178298e-01
3.413827953670041104e-01
3.400706948549519493e-01
3.408760540262119609e-01
3.425161689045896907e-01
3.449526180555751997e-01
3.440004448843277940e-01
3.415999863934688907e-01
3.389752704781756609e-01
3.394178260437399897e-01
3.409786266943749533e-01
3.375852209866904707e-01
3.412427265388097708e-01
3.435827195865246431e-01
3.456288828694542570e-01
3.458235238939205702e-01
3.465341876397720067e-01
3.474832461773796899e-01
3.493040303826209780e-01
3.495846908834928657e-01
3.496589472598474746e-01
3.507671207407376257e-01
3.518729058780436514e-01
3.524939200747332357e-01
3.521919648098407185e-01
3.505773703921729600e-01
3.494481245244702716e-01
3.493192288496215214e-01
3.474503078301499071e-01
3.487116887493452722e-01
3.488580453130659120e-01
3.484433326143923648e-01
3.480125173199446476e-01
3.468721657583567208e-01
3.443211859148278542e-01
3.425176672459331884e-01
3.471489596974926539e-01
3.510575889889766543e-01
3.511987406104603027e-01
3.491577487874926167e-01
3.464717529660918949e-01
3.419831547097774149e-01
3.384401750313937307e-01
3.360470183408983957e-01
3.352176311370582695e-01
3.367311033144456123e-01
3.426121597483759440e-01
3.455013843400526752e-01
3.467451160258785414e-01
3.462919238960333601e-01
3.416872836687704362e-01
3.398076217593699044e-01
3.391013873565965064e-01
3.385727031131029463e-01
3.385067654004692006e-01
3.392376120653870508e-01
3.381173136410637325e-01
3.382286937120341230e-01
3.403506200232781498e-01
3.429181503431247835e-01
3.463476005940914759e-01
3.500318607721348285e-01
3.528370870608823484e-01
3.470871276885968970e-01
3.464202191117144447e-01
3.531377560375605351e-01
3.527916837121752303e-01
3.586020276097558468e-01
3.596883300844408993e-01
3.543843299186005824e-01
3.518690759508840138e-01
3.503967157720049852e-01
3.497626770264727347e-01
3.481705766308155758e-01
3.491295647001161906e-01
3.438323194664296145e-01
3.385064218174652084e-01
3.356603295782910057e-01
3.416427153551043761e-01
3.489733460892592842e-01
3.468187402880193448e-01
3.463534250187884078e-01
3.408934957214979633e-01
3.397085062331033911e-01
3.427797765902094729e-01
3.464729983749104125e-01
3.490320555978307371e-01
3.501612367798584424e-01
3.511379043762012375e-01
3.496460126712734873e-01
3.497811397986065884e-01
3.507275918789838909e-01
3.512288589586953225e-01
3.523943652955300321e-01
3.481652974602397754e-01
3.492258445152873203e-01
3.488883707454814020e-01
3.476355093674212138e-01
3.462215974553307651e-01
3.428418980978922281e-01
3.420531330853337493e-01
3.418422407895943538e-01
3.416252786429883059e-01
3.414627336158226889e-01
3.419686851674431094e-01
3.391524262937106737e-01
3.365531704020258696e-01
3.355482441352933831e-01
3.483377887453671384e-01
3.346252184150154130e-01
3.347572851354888579e-01
3.348518911553852173e-01
3.359110032111599087e-01
3.370711736843783335e-01
3.384096806617798991e-01
3.405518251311861477e-01
3.425334561793310084e-01
3.508296752165589449e-01
3.405886428787702758e-01
3.420927938618706365e-01
3.444830890876406926e-01
3.476713731092499482e-01
3.498605454905449608e-01
3.475492918820785038e-01
3.449363878255569116e-01
3.449593043344341137e-01
3.464333636631593549e-01
3.489602174405446733e-01
3.504293979679305449e-01
3.515796752639439027e-01
3.510052458969410982e-01
3.504738188402825028e-01
3.480527718877695631e-01
3.478778340277179915e-01
3.475596062450752033e-01
3.447221420354180110e-01
3.409795099659967410e-01
3.397525495645423721e-01
3.387259637264964374e-01
3.396935125974260838e-01
3.362197762079794927e-01
3.583874268199326307e-01
3.593565228978088388e-01
3.566290318558417161e-01
3.332766162764111972e-01
3.376354028990635747e-01
3.420186545796509714e-01
3.506970833772476426e-01
3.449551232217120122e-01
3.444196196219548867e-01
3.387020927945491033e-01
3.398180854842927645e-01
3.360574103853771200e-01
3.452267119278021323e-01
3.390676133642643864e-01
3.400633686816234569e-01
3.373754497994476131e-01
3.339554315027236653e-01
3.342158069254489439e-01
3.327491872625570335e-01
3.391909153440801905e-01
3.451749344753966553e-01
3.434946148319663606e-01
3.412367062491859504e-01
3.454483977283978047e-01
3.483168870357174485e-01
3.497830958204033447e-01
3.504219910383923886e-01
3.515129187825899448e-01
3.411912147360389169e-01
3.402670674555651198e-01
3.386620722240445969e-01
3.377822590154099802e-01
3.367467311261006513e-01
3.419179497240167342e-01
3.419374341473351286e-01
3.415653843926422795e-01
3.581171721322603529e-01
3.573915077891803294e-01
3.483748257856465469e-01
3.502452838841819682e-01
3.515229803737791037e-01
3.511264155980827750e-01
3.386626181791839718e-01
3.417199168610682847e-01
3.592353209699262195e-01
3.553819023736870530e-01
3.587937108722542012e-01
3.574681308673476887e-01
3.538147764243809168e-01
3.572183894341753874e-01
3.482560210309235682e-01
3.483181732036987333e-01
3.519105850260368373e-01
3.512904722528478740e-01
3.520634754822830059e-01
3.511324606609752541e-01
3.407646137871037095e-01
3.441199200064333219e-01
3.395152909905889693e-01
3.383012521040862364e-01
3.472441650095314802e-01
3.476153942999882784e-01
3.481199083623407464e-01
3.446380286445290264e-01
3.501110421693477970e-01
3.486068582360548618e-01
