1.183762277712797073e-01
1.183762277712797073e-01
1.191400346862127591e-01
1.199021131882477692e-01
1.206621051503288661e-01
1.214196659023353414e-01
1.221744142547736278e-01
1.229259744880426553e-01
1.236739777503831211e-01
1.244180431572385892e-01
1.251578391937109569e-01
1.258924553131350321e-01
1.266185772980059354e-01
1.273432740463712465e-01
1.280626813602804281e-01
1.287761183614175575e-01
1.294815402507814850e-01
1.301826166532982221e-01
1.308772109908779568e-01
1.315651220288236722e-01
1.322461516044826646e-01
1.329201078645579903e-01
1.335868608497747800e-01
1.342397134081955989e-01
1.348912650341714814e-01
1.355350457428475819e-01
1.361709051976648377e-01
1.367968864923899408e-01
1.374164531230953612e-01
1.380276981442863371e-01
1.386305148089245487e-01
1.392248034460024930e-01
1.398104719511041039e-01
1.403874412137585126e-01
1.409556356780399533e-01
1.415149991062140955e-01
1.420654720585175779e-01
1.426070186382114580e-01
1.431395998010440151e-01
1.436631909319964207e-01
1.441777703020599155e-01
1.446833314313923924e-01
1.451784881509954050e-01
1.456673883526635738e-01
1.461458957782919565e-01
1.466154120610927702e-01
1.470759630488159275e-01
1.475275787964939467e-01
1.479702962128409127e-01
1.484041544113687272e-01
1.488292015294833681e-01
1.492454900284815311e-01
1.496530738632169955e-01
1.500520144614646834e-01
1.504423766155147391e-01
1.508242244215164396e-01
1.511976351274856301e-01
1.515626750363451847e-01
1.519194331628218320e-01
1.522679774189012736e-01
1.526083958645885752e-01
1.529407744768904454e-01
1.532652001635204930e-01
1.535817555978723770e-01
1.538905351439507907e-01
1.541916305305698065e-01
1.544851350525843214e-01
1.547711430089155904e-01
1.550497499968147841e-01
1.553210505722019130e-01
1.555851284272498358e-01
1.558421376325623553e-01
1.560921046407734436e-01
1.563351940182092503e-01
1.565714583134337201e-01
1.568011329351980121e-01
1.570239338781364846e-01
1.572403307302022712e-01
1.574504081336992600e-01
1.576540993204592345e-01
1.577685250496129732e-01
1.580433624710371743e-01
1.582287345437915771e-01
1.584081927095280506e-01
1.585818439315505868e-01
1.587497788174332958e-01
1.589120969270165773e-01
1.590688931446601340e-01
1.592202695704366677e-01
1.593663133987492653e-01
1.595071286068870664e-01
1.596428021484458393e-01
1.597734326101439006e-01
1.598991099948260663e-01
1.600199258002239500e-01
1.601359694572727088e-01
1.602473365470008793e-01
1.603541112493916398e-01
1.604563822513881688e-01
1.605542368449709989e-01
1.606477649393826812e-01
1.607370466586189872e-01
1.608221665723667815e-01
1.609032122611174231e-01
1.609802612648553177e-01
1.610533984371236571e-01
1.611231245346929075e-01
1.611886718051118716e-01
1.612505469017992410e-01
1.613088146385450172e-01
1.613635637192724070e-01
1.614148609167271875e-01
1.614627775920919051e-01
1.615073923266309164e-01
1.615487713357990907e-01
1.615869862201071983e-01
1.616221050450328267e-01
1.616541966771077032e-01
1.616833245764344174e-01
1.617095605158424265e-01
1.617329636224207889e-01
1.617535994692567425e-01
1.617715344251204890e-01
1.617868192485106271e-01
1.617995228124064211e-01
1.618097037439160113e-01
1.618174158509233240e-01
1.618227184933708762e-01
1.618256673597734396e-01
1.618263200480691555e-01
1.618247261470808773e-01
1.618209423657508139e-01
1.618150156697082398e-01
1.625697441498309137e-01
1.617959493739969112e-01
1.617839059286642900e-01
1.617699218672870032e-01
1.617540458681067661e-01
1.617363165356918708e-01
1.617167851708442017e-01
1.616954949638818029e-01
1.616724923180352380e-01
1.616478126044039731e-01
1.621119627729140922e-01
1.615920760402785594e-01
1.620458822261631182e-01
1.615301537210058758e-01
1.614933742565603514e-01
1.614636989524926569e-01
1.614285967649881637e-01
1.613919709190925200e-01
1.613540157143393550e-01
1.613147721630504294e-01
1.612742694169919666e-01
1.612325409727062286e-01
1.611896193911007968e-01
1.611455362742529041e-01
1.611003240555518301e-01
1.610540112426964987e-01
1.610066300864507194e-01
1.609582027377608471e-01
1.609087637890888045e-01
1.608583413017997399e-01
1.608069598693654401e-01
1.607546433526029495e-01
1.607014229960777585e-01
1.606473237435522283e-01
1.605923630697645987e-01
1.605365736362940887e-01
1.604799777136133865e-01
1.604225938699137544e-01
1.603644454122295782e-01
1.603055601002209007e-01
1.602459523534267294e-01
1.601856478133973638e-01
1.601246659374849501e-01
1.600630256843749155e-01
1.600007469353640355e-01
1.599378507295899920e-01
1.598743550238984068e-01
1.598102776002822134e-01
1.597456351153884457e-01
1.596804446625116891e-01
1.596147264462482174e-01
