2.132230339199496072e+01
2.132230340010292835e+01
2.132243896841247377e+01
2.132270979188734472e+01
2.132311550449783155e+01
2.132365568158341063e+01
2.132432983333952947e+01
2.132513740575044636e+01
2.132607778176425128e+01
2.132715027910712635e+01
2.132835415899123532e+01
2.132968852325952369e+01
2.133115188753770752e+01
2.133274402453005436e+01
2.133446402305245115e+01
2.133631085303393959e+01
2.133828312318112452e+01
2.134038009570035754e+01
2.134260065518256511e+01
2.134494365217066303e+01
2.134740790362003438e+01
2.134999219393225545e+01
2.135269528586529475e+01
2.135551475324488635e+01
2.135845041019914348e+01
2.136150092239398290e+01
2.136466492986514254e+01
2.136794072565899683e+01
2.137132721956091430e+01
2.137482298316048102e+01
2.137842656980029332e+01
2.138213651574485397e+01
2.138595134143768206e+01
2.138986955372569554e+01
2.139388964640542667e+01
2.139801010357708932e+01
2.140222939899172516e+01
2.140654600016256026e+01
2.141095836772610639e+01
2.141546495793573257e+01
2.142006422310153724e+01
2.142475461423599725e+01
2.142953433494131943e+01
2.143440232818854341e+01
2.143935679908698333e+01
2.144439620224253318e+01
2.144951899640715354e+01
2.145472364517339159e+01
2.146000861814396288e+01
2.146537239127419738e+01
2.147081344843491379e+01
2.147633028213925499e+01
2.148192139376633136e+01
2.148758529485598956e+01
2.149332050767248248e+01
2.149912556504419925e+01
2.150499901268294423e+01
2.151093940719528419e+01
2.151694532011856253e+01
2.152301533411806389e+01
2.152914804656957415e+01
2.153534206916578952e+01
2.154159602806384655e+01
2.154790856310865621e+01
2.155427832991265191e+01
2.156070399937053494e+01
2.156718425792867677e+01
2.157371780775559955e+01
2.158030336696705476e+01
2.158693966943270226e+01
2.159362546281889550e+01
2.160035952123150338e+01
2.160714062228506904e+01
2.161396757192234475e+01
2.162083918428130147e+01
2.162775431459284547e+01
2.163471176571778898e+01
2.164171042374830023e+01
2.164874918877764642e+01
2.165582694761983973e+01
2.166292764633988810e+01
2.167008023058426147e+01
2.167726861282781670e+01
2.168449176000160961e+01
2.169174865709611311e+01
2.169903830422369850e+01
2.170635971824707156e+01
2.171371193194963212e+01
2.172109399535412777e+01
2.172850497304524353e+01
2.173594394721869705e+01
2.174341001462088130e+01
2.175090228866939768e+01
2.175841989791835829e+01
2.176596198634650747e+01
2.177352771300128964e+01
2.178111625313190913e+01
2.178872679614333663e+01
2.179635854643166581e+01
2.180401072315096656e+01
2.181168256070830580e+01
2.181937330700854005e+01
2.182708222428045985e+01
2.183480858964436777e+01
2.184255169330925384e+01
2.185031083992166856e+01
2.185808542422990897e+01
2.186587470044922554e+01
2.187367801395576095e+01
2.188149472100075599e+01
2.188932419307863242e+01
2.189716581295610709e+01
2.190501897552663380e+01
2.191288308914673166e+01
2.192075757340305486e+01
2.192864186011369654e+01
2.193653539270371766e+01
2.194443762637122930e+01
2.195234802712017697e+01
2.196026607329802616e+01
2.196819125330590694e+01
2.197612306679501870e+01
2.198406102483216173e+01
2.199200464706367697e+01
2.199995346504680427e+01
2.200790702039501312e+01
2.201586486391351016e+01
2.202382655663349453e+01
2.203179166915795051e+01
2.203975978202949193e+01
2.204773048427953697e+01
2.205570337475087328e+01
2.206367806032727330e+01
2.207179423567043841e+01
2.207977123639781070e+01
2.208774890670560254e+01
2.209572688845218735e+01
2.210370483193257840e+01
2.211168239404115710e+01
2.211965924062124955e+01
2.212763504498895983e+01
2.213560948853938370e+01
2.214358225872950214e+01
2.215164345071318763e+01
2.215961171912654493e+01
2.216766655800522656e+01
2.217562916449287158e+01
2.218358784229744884e+01
2.219154389690892870e+01
2.219949632102901305e+01
2.220744482716526491e+01
2.221538916333889091e+01
2.222332908480462876e+01
2.223126435187080929e+01
2.223919473071345720e+01
2.224711999321464617e+01
2.225503991679619631e+01
2.226295428458461245e+01
2.227086288469482511e+01
2.227876551093398660e+01
2.228666196093969987e+01
2.229455203849583356e+01
2.230243555233243669e+01
2.231031231549173555e+01
2.231818214520069077e+01
2.232604486425103829e+01
2.233390029983917202e+01
2.234174828218635156e+01
2.234958864736920248e+01
2.235742123539785808e+01
2.236524588953477988e+01
2.237306245718354702e+01
2.238087079072616703e+01
2.238867074504750221e+01
2.239646217963175445e+01
2.240424495741844524e+01
2.241201894471625522e+01
2.241978401138176835e+01
2.242754003104248994e+01
2.243528688052872511e+01
2.244302443984721407e+01
2.245075259197711404e+01
2.245847122295743858e+01
2.246618022247463387e+01
