2.226590864325000307e+00
2.199103503530821069e+00
2.172070669619143413e+00
2.145135098704751275e+00
2.117990321628084427e+00
2.090372159306964406e+00
2.062054536306426211e+00
2.032852953811367325e+00
2.002634551672541452e+00
1.971325462158580288e+00
1.938919654380570678e+00
1.905507734645133455e+00
1.871187518094654889e+00
1.836131513989206265e+00
1.800551960582830180e+00
1.764688589055905865e+00
1.728772826027763276e+00
1.693049217389744676e+00
1.657729564501800201e+00
1.622997407658285374e+00
1.589004472895930054e+00
1.555858200567383776e+00
1.523660114101485830e+00
1.492474801896312986e+00
1.462336456597853607e+00
1.433263426995712742e+00
1.405258412368635801e+00
1.378304507384765509e+00
1.352391193580949835e+00
1.327492128545493699e+00
1.303576246686948714e+00
1.280609353931746464e+00
1.258555388733072933e+00
1.237377389629620295e+00
1.217038218877630751e+00
1.197501099901487231e+00
1.178730012936970883e+00
1.160689968906564173e+00
1.143347189073754766e+00
1.126669230329706783e+00
1.110625045207557005e+00
1.095185008344578659e+00
1.080319120415528245e+00
1.066004244602817952e+00
1.052213078186928996e+00
1.038921485832492442e+00
1.026106622048307493e+00
1.013746835939151714e+00
1.001821623839959985e+00
9.903115703721686591e-01
9.791982896256166136e-01
9.684643670283910044e-01
9.580933054670901505e-01
9.480694696336557925e-01
9.383780394853387108e-01
9.290049578140003872e-01
9.199368909491569823e-01
9.111612203436718627e-01
9.026658290147016039e-01
8.944393661879751489e-01
8.864709403180738301e-01
8.787501942082694972e-01
8.712673198549413245e-01
8.640129537244285451e-01
8.569781740590953767e-01
8.501544774535274573e-01
8.435337522447216019e-01
8.371082589926264195e-01
8.308706110528026878e-01
8.248137405959991009e-01
8.189308481652384231e-01
8.132156252315269063e-01
8.076615999484485497e-01
8.022633375697645342e-01
7.970148372471859144e-01
7.919101170054813066e-01
7.869451677690896263e-01
7.821148641644388722e-01
7.774141130073279893e-01
7.728383035361366948e-01
7.682982260089524784e-01
7.639598361663489934e-01
7.597337545042914808e-01
7.556160842232849673e-01
7.516030783263430992e-01
7.476911332111083608e-01
7.438767826996411925e-01
7.401566914170918388e-01
7.365276494204803237e-01
7.329865669350913437e-01
7.295304685821246693e-01
7.261564895344753134e-01
7.228618702860475365e-01
7.196439520263768763e-01
7.165001735080818168e-01
7.134280655507890812e-01
7.104252490637368300e-01
7.074894298522675928e-01
7.046183964910049946e-01
7.018100165119726119e-01
6.990622329708903182e-01
6.963730615240656396e-01
6.937405880304168271e-01
6.911629654237014808e-01
6.886384113046793987e-01
6.861652054705527082e-01
6.837416216917738820e-01
6.813661244164977981e-01
6.790371656755749274e-01
6.767532475798671010e-01
6.745129302075352218e-01
6.723148189276765274e-01
6.701575670807660146e-01
6.680398732377128557e-01
6.659604801138893082e-01
6.639181728395581183e-01
6.619117774133982390e-01
6.599401590290803199e-01
6.580022208533301553e-01
6.560969026310060626e-01
6.542231790994630369e-01
6.523800590311916725e-01
6.505665839110581494e-01
6.487818265996830869e-01
6.470248906744500150e-01
6.452949088502192287e-01
6.435910421016969307e-01
6.419124787719819869e-01
6.402584334557327450e-01
6.386281462131863096e-01
6.370208815371388722e-01
6.354359276367641529e-01
6.338725955479873608e-01
6.323283873788301257e-01
6.308063104829572110e-01
6.293039196483332098e-01
6.278206095225351557e-01
6.263557939403658903e-01
6.249089052400328415e-01
6.234793936398677072e-01
6.220667266165627041e-01
6.206703883405947364e-01
6.192898791039620487e-01
6.179610623900920752e-01
6.166106356850817871e-01
6.153104298948772755e-01
6.139885521855567019e-01
6.126805233779959448e-01
6.113860772123004272e-01
6.101048980971505165e-01
6.088366946636947219e-01
6.075811841636670207e-01
6.063380910604306839e-01
6.051071468304970447e-01
6.038880897822148652e-01
6.026806648762454977e-01
6.014846235522560702e-01
6.002997235519046404e-01
5.991257287636345685e-01
5.979624090487334342e-01
5.968095400961620500e-01
5.956669032621473292e-01
5.945342854219153317e-01
5.934114788272545349e-01
5.922982809610883859e-01
5.911944944089789766e-01
5.900999267130000447e-01
5.890143902532770648e-01
5.879377021135253623e-01
5.868696839620529682e-01
5.858101619270497107e-01
5.847589664865342485e-01
5.837159323495937358e-01
5.826808983424152100e-01
5.816537073108885014e-01
5.806342060120012194e-01
5.796222450086367939e-01
5.786176785736019124e-01
5.776203645877731052e-01
5.766301644542529692e-01
5.756469429955717310e-01
5.746705683772147522e-01
5.737009120110106997e-01
5.727378484713627760e-01
5.717812554156651572e-01
5.708310135026298804e-01
5.698870063135503816e-01
5.689491202794593194e-01
5.680172446025261168e-01
5.670912711855912169e-01
5.661710945632063563e-01
5.652566118352738700e-01
