2.907753391374999552e+00
2.871857049640276216e+00
2.836876418782648290e+00
2.802788490169391356e+00
2.769570839786582805e+00
2.737201613684840051e+00
2.705659511920807336e+00
2.674923774476180238e+00
2.644974167560351752e+00
2.615790969564902646e+00
2.587354959537924604e+00
2.559647384009318127e+00
2.532649862570827359e+00
2.506344734515098871e+00
2.480714664921431112e+00
2.455742745453052489e+00
2.431412438343512505e+00
2.407707755138553729e+00
2.384613051029917052e+00
2.362113079337889054e+00
2.340192981079752599e+00
2.318838274909770458e+00
2.298034849057475792e+00
2.277768747550821260e+00
2.258026763441690399e+00
2.238795830528653052e+00
2.220063213984103889e+00
2.201816447231644158e+00
2.184043487178821241e+00
2.166732542677302309e+00
2.149872121341638298e+00
2.133451021801486824e+00
2.117458326171786087e+00
2.101883392877302636e+00
2.086715849394461753e+00
2.071945585634514142e+00
2.057562746862671599e+00
2.043557727559231818e+00
2.029921164695859925e+00
2.016643931681749713e+00
2.003717132152482705e+00
1.991132094265384067e+00
1.978880327166847142e+00
1.966953666065430983e+00
1.955344040403708128e+00
1.944043619755410068e+00
1.933044770791270128e+00
1.922340052171640057e+00
1.911922209648397430e+00
1.901784171178432681e+00
1.891919042349205604e+00
1.882320101807136936e+00
1.872980796737938380e+00
1.863894738625214487e+00
1.855055699020007998e+00
1.846457605322476825e+00
1.838094537032471498e+00
1.829960721491518338e+00
1.822050530592800088e+00
1.814358476478170612e+00
1.806879208387645042e+00
1.799607509040881181e+00
1.792538291192658395e+00
1.785666594153930253e+00
1.778987580802690927e+00
1.772496534324099482e+00
1.766188855142759806e+00
1.760060057925183052e+00
1.754105768671407217e+00
1.748321721828774544e+00
1.742703757243513785e+00
1.737247819174891683e+00
1.731949950536689320e+00
1.726806293710781315e+00
1.721813085319172876e+00
1.716966658236566134e+00
1.712263426647129938e+00
1.707699902010836102e+00
1.703272681477377759e+00
1.698978442076768181e+00
1.694811950936485845e+00
1.690774048328904433e+00
1.686859646101204424e+00
1.683065738054230209e+00
1.679389392033758810e+00
1.675827747693057868e+00
1.672378014910463451e+00
1.669037471929326832e+00
1.665803463828019026e+00
1.662673400509197430e+00
1.659644755486926249e+00
1.656715063913391406e+00
1.653881921328101523e+00
1.651142981967952617e+00
1.648495957356056474e+00
1.645938614844623338e+00
1.643468776389444663e+00
1.641084316945863764e+00
1.638783163276304577e+00
1.636563292652589707e+00
1.634422731686349772e+00
1.632359554899443621e+00
1.630371883661783317e+00
1.628457885125873750e+00
1.626615770883700574e+00
1.624843796061740786e+00
1.623140268068431924e+00
1.621503515692325426e+00
1.619931918128373338e+00
1.618423893599779451e+00
1.616977898977294048e+00
1.615592428343843645e+00
1.614266012207728362e+00
1.612997216801208111e+00
1.611784642940275569e+00
1.610626925324715852e+00
1.609522731649423832e+00
1.608470761838810548e+00
1.607469747155068296e+00
1.606518449649938507e+00
1.605615661141085004e+00
1.604760202657732338e+00
1.603950923771350734e+00
1.603186701556029714e+00
1.602466440363371047e+00
1.601789070943833160e+00
1.601153549712309054e+00
1.600558858275200835e+00
1.600004002754638721e+00
1.599488013260029762e+00
1.599009943138822942e+00
1.598568868600627635e+00
1.598163887954672679e+00
1.597812289631111105e+00
1.597476868872802935e+00
1.597174965500819832e+00
1.596905761510330812e+00
1.596668458577843897e+00
1.596462277365349847e+00
1.596286457379941792e+00
1.596140256347752917e+00
1.596022949869467356e+00
1.595933830744980853e+00
1.595883996091683965e+00
1.595849172757331402e+00
1.595852153238406013e+00
1.595868996221304403e+00
1.595910632656527106e+00
1.595976657122210929e+00
1.596066375777031476e+00
1.596179202266261754e+00
1.596314568006016454e+00
1.596471918166325610e+00
1.596650711073243745e+00
1.596850418010948403e+00
1.597070522903640599e+00
1.597310522004179445e+00
1.597569923633505473e+00
1.597848247811071376e+00
1.598145026079073050e+00
1.598459800995059465e+00
1.598792126181997730e+00
1.599141565921185171e+00
1.599507694825522686e+00
1.599890097585536353e+00
1.600288368921170656e+00
1.600702113203095855e+00
1.601130944049615978e+00
1.601574484488034855e+00
1.602032366490760085e+00
1.602504230680524389e+00
1.602989726249572922e+00
1.603488510877589368e+00
1.604000250212366696e+00
1.604524617964874444e+00
1.605061295576631020e+00
1.605609972032449928e+00
1.606170343713009263e+00
1.606742114257770471e+00
1.607324994325863399e+00
1.607918701433459052e+00
1.608522959771136351e+00
1.609137500064223625e+00
1.609762059504483034e+00
