2.784525931251206288e+01
2.784525932310043572e+01
2.784349822713631895e+01
2.783720064486726642e+01
2.782385383518891331e+01
2.780114718366806770e+01
2.776693818077704989e+01
2.771927793599883927e+01
2.765649628851325659e+01
2.757727607003439729e+01
2.748075685171914628e+01
2.736684651766649878e+01
2.723547576287236893e+01
2.708726654475333362e+01
2.692329478562355405e+01
2.674504930877203535e+01
2.655413121839755775e+01
2.635251631666666938e+01
2.614210009496575537e+01
2.592473056883248717e+01
2.570214493599324257e+01
2.547577802429211857e+01
2.524718751171909048e+01
2.501764237086267428e+01
2.478814469719325686e+01
2.455957609072707015e+01
2.433266808467915610e+01
2.410790807461875929e+01
2.388589820615014503e+01
2.366701249564090048e+01
2.345154114592730821e+01
2.323970394532226180e+01
2.303166215603161859e+01
2.282752868468167762e+01
2.262737658428796195e+01
2.243124623236934667e+01
2.223915145900316759e+01
2.205108456625869451e+01
2.186702039560740474e+01
2.168691994977987392e+01
2.151073314990135188e+01
2.133840118579346168e+01
2.116981902092518197e+01
2.100499573909482720e+01
2.084381669832013273e+01
2.068620430956111633e+01
2.053207970673959437e+01
2.038136259610948642e+01
2.023397209531194108e+01
2.008982721166398022e+01
1.994884721625758672e+01
1.981095192349232903e+01
1.967606196746888969e+01
1.954409892284970951e+01
1.941498555766478518e+01
1.928864582808238382e+01
1.916500512845158255e+01
1.904399133618992224e+01
1.892552994099500907e+01
1.880955262996991806e+01
1.869598960266284493e+01
1.858477261689700555e+01
1.847583638809530271e+01
1.836911635153462541e+01
1.826454936060915557e+01
1.816207372926558961e+01
1.806162912180786151e+01
1.796315661269006725e+01
1.786659870660173866e+01
1.777189883708862794e+01
1.767900024463062536e+01
1.758785392157465211e+01
1.749839725399830570e+01
1.741059490020560929e+01
1.732438505536739015e+01
1.723969895601485902e+01
1.715652986005708058e+01
1.707482631786706762e+01
1.699453161356293762e+01
1.691560015414521345e+01
1.683488937096073457e+01
1.675854919765357920e+01
1.668344696900094348e+01
1.660954220540278925e+01
1.653679533072357444e+01
1.646516767443854690e+01
1.639462147692541194e+01
1.632511985687938960e+01
1.625662681367306561e+01
1.618910722255149892e+01
1.612252679868934635e+01
1.605685212611824397e+01
1.599205062276849887e+01
1.592809051933125275e+01
1.586494088922869494e+01
1.580257157524027356e+01
1.574095325010142332e+01
1.568005733935001444e+01
1.561985606191601939e+01
1.556032239533062267e+01
1.550143004947325487e+01
1.544315345525591177e+01
1.538546776986195397e+01
1.532834884581551194e+01
1.527177322513887425e+01
1.521571812603696294e+01
1.516015856373522297e+01
1.510507596426744570e+01
1.505044946961745822e+01
1.499625869959148083e+01
1.494248417325821876e+01
1.488910682181811396e+01
1.483610817256418102e+01
1.478347029109385069e+01
1.473117579403339583e+01
1.467920783022410092e+01
1.462755006725699580e+01
1.457618666943803731e+01
1.452510229375860717e+01
1.447428207562468572e+01
1.442371160330442237e+01
1.437337691919772098e+01
1.432326450216884162e+01
1.427336124704681275e+01
1.422365447411092276e+01
1.417413189345317903e+01
1.412478160052152631e+01
1.407559206950743302e+01
1.402655213437905779e+01
1.397765098421345442e+01
1.392887814521059830e+01
1.388022347660602485e+01
1.383167715690522925e+01
1.378313953830742733e+01
1.373478087921272461e+01
1.368650301303511974e+01
1.363829729241022726e+01
1.359015534180739948e+01
1.354206904702262548e+01
1.349403054671027036e+01
1.344603222306357004e+01
1.339806669448562815e+01
1.335012680703329124e+01
1.330406485366283853e+01
1.325615545795386119e+01
1.321009601387198096e+01
1.316220545909453854e+01
1.311432320772703619e+01
1.306645116311389998e+01
1.301858827270179297e+01
1.297073434393427860e+01
1.292288924897362357e+01
1.287505286169233720e+01
1.282722505720678896e+01
1.277940571204503506e+01
1.273159470415056127e+01
1.268379191296246944e+01
1.263599721904711970e+01
1.258821050465394720e+01
1.254043165302942953e+01
1.249266054904645884e+01
1.244489707878816631e+01
1.239714112956475489e+01
1.234939259003349044e+01
1.230165134994429366e+01
1.225391730060857043e+01
1.220619033419816901e+01
1.215847034437138596e+01
1.211075722582620529e+01
1.206305087452209435e+01
1.201535118740178731e+01
1.196765806275412203e+01
1.191997139991693189e+01
1.187229109907483604e+01
1.182461706182924921e+01
1.177694919097687887e+01
1.172928739031973855e+01
1.168163156484651566e+01
1.163398162042694040e+01
1.158633746427784139e+01
1.153869900431069873e+01
1.149106614985687003e+01
1.144343881109413275e+01
1.139581689907952722e+01
1.134820032589757233e+01
1.130058900456009141e+01
1.125298284895279011e+01
1.120538177400791646e+01
1.115778569541895315e+01
1.111019452971858001e+01
1.106260819433492948e+01
1.101502660769367559e+01
