2.405741629556921612e+00
2.397514943595688841e+00
2.451922289426219592e+00
2.402348028311124928e+00
2.283410571715456250e+00
2.193408362853171312e+00
2.187416203490538891e+00
2.199103503530821069e+00
2.203507166439024001e+00
2.231954576401652179e+00
2.287203539687415521e+00
2.403429360192238295e+00
2.524178569435403308e+00
2.585888685027611267e+00
2.591584025952303527e+00
2.575553384622887965e+00
2.589367339439259563e+00
2.626699291761815491e+00
2.703603131749749977e+00
2.818402218003015491e+00
2.937761306005841622e+00
2.976842063379828485e+00
2.932248611099931956e+00
2.830032098747084390e+00
2.648682031242896251e+00
2.576746145760900664e+00
2.602284921900960502e+00
2.543665222495227418e+00
2.454656698716907837e+00
2.397060881303461066e+00
2.372344326235779732e+00
2.379108366539628427e+00
2.390705047287021046e+00
2.359951042778174912e+00
2.314860443116594890e+00
2.299133382994905883e+00
2.346938093662504166e+00
2.453802915476068325e+00
2.486189586936905727e+00
2.451461722142151967e+00
2.497277635801396833e+00
2.509776972981576648e+00
2.986545894094197351e+00
2.989351702739478700e+00
2.896363586004892632e+00
2.758258831616660967e+00
2.700769616716268473e+00
2.684788968579520319e+00
2.687686892296430763e+00
2.736436760535281287e+00
2.818880627422024165e+00
2.907034815267790062e+00
3.004446068972494555e+00
3.110504394439849829e+00
3.213892499423260052e+00
3.312722210756911867e+00
3.280698755801436661e+00
3.132535683779336111e+00
3.009335741946571385e+00
2.951440946587622349e+00
2.929596801022898767e+00
2.878176022151513358e+00
2.799988476843577434e+00
2.734425965784374579e+00
2.731115862197253996e+00
2.810370613056222933e+00
2.830120257050734445e+00
2.799204831129360471e+00
2.775045707284630403e+00
2.718952884863178987e+00
2.767683355163618852e+00
2.884618158865472903e+00
2.974126584693917330e+00
3.052557641096844243e+00
3.111062834749870554e+00
3.105528339829931372e+00
3.155745651902094551e+00
3.294013547407665499e+00
3.334362541573177907e+00
3.281230029303849882e+00
3.215669634023786028e+00
3.075960480133853370e+00
2.876718128324346591e+00
2.692082758878628024e+00
2.532866921397461279e+00
2.401954285909570608e+00
2.452427455134053247e+00
2.651117890909342911e+00
2.809219154018866238e+00
2.925535930063707823e+00
2.992155374074741747e+00
3.039028489476112593e+00
3.079142197934642944e+00
3.024691734989942926e+00
2.893288751680298532e+00
2.826973337346414983e+00
2.816635438544956571e+00
2.808186137452798548e+00
2.848805760360384021e+00
2.936713177701653077e+00
2.059049347887984549e+00
2.149815193612105269e+00
2.051176346302526099e+00
1.736899612014247030e+00
1.471343737378246974e+00
1.387967486014892726e+00
1.385520092489171295e+00
1.414632280731492608e+00
1.494569304103636309e+00
1.653265205990921416e+00
1.957116785149980664e+00
2.329782829905595154e+00
2.533087073292234592e+00
2.506918639265454107e+00
2.416169698786781783e+00
2.378565580140915348e+00
2.398829629207231307e+00
2.509579767891696012e+00
2.750136032611177228e+00
3.038817427932869464e+00
3.170925967029931680e+00
3.086692460546961669e+00
2.871525080957491038e+00
2.542241082912007233e+00
2.429009938507349808e+00
2.494735573276475993e+00
2.385568323684808867e+00
2.185494087586828726e+00
2.002398870119982632e+00
1.889272050375059298e+00
1.870106062608031028e+00
1.876601573874860707e+00
1.822728291894217589e+00
1.767191633978854481e+00
1.787248264664765607e+00
1.946248080451348894e+00
2.268500962243322316e+00
2.528197829478926018e+00
2.611184284838328207e+00
2.646049386709060869e+00
2.475367418342298453e+00
2.142593729408927672e+00
2.963195926029486671e+00
2.827209541473740817e+00
2.620262010384313722e+00
2.472308040743700808e+00
2.436711838106146999e+00
2.510354808217658995e+00
2.632675473854905857e+00
2.773352159849009624e+00
2.933765727138053947e+00
3.090996031316671111e+00
3.260177546569617224e+00
3.441663747173764776e+00
3.616299804554452102e+00
3.557462149601037904e+00
3.251266223624551532e+00
2.977227144072104537e+00
2.838337546042958071e+00
2.760986737569830041e+00
2.641747371421832469e+00
2.503924523807624425e+00
2.419103719835566491e+00
2.478541065100857477e+00
2.678152621715880422e+00
2.781356396037448331e+00
2.764329926091823708e+00
2.658323292657736925e+00
2.640917389183964570e+00
2.728735772616081690e+00
2.865647910730591885e+00
3.033618112611362161e+00
3.177228974296325337e+00
3.231721408329765399e+00
3.398323538663400090e+00
3.704606432942772365e+00
3.857228959513921751e+00
3.800697575229972092e+00
3.615063092894327479e+00
3.287361587447557021e+00
2.880085634615077606e+00
2.550976243126411802e+00
2.273593869224740160e+00
2.016823201452639047e+00
2.080007093055074030e+00
2.399133660736235463e+00
2.685097608679392067e+00
2.924820293430295592e+00
3.038933195488856764e+00
3.106151183094981505e+00
3.175142181792804941e+00
3.088908564195431694e+00
2.888874922370490594e+00
2.790757019001122163e+00
2.774758057321724980e+00
2.757464974192166629e+00
2.816231903569198280e+00
2.955630503654326446e+00
3.006184488609832339e+00
2.859518654217997113e+00
3.047795018229225050e+00
2.073476591123750268e+00
1.779695505161952740e+00
1.660653298153188961e+00
1.609257886310474062e+00
1.639431865013925460e+00
1.764919972862527553e+00
1.982174379202581216e+00
2.363691863210399369e+00
2.915144176338700266e+00
3.259017846761523618e+00
3.214641701954818576e+00
3.009989412145041232e+00
2.793297018611135218e+00
2.682454781892089635e+00
2.708821034688157603e+00
2.907882062578498683e+00
3.215424954039153516e+00
3.445921388037373134e+00
3.399897503009713606e+00
3.179787062634029216e+00
3.084114770468245670e+00
3.148125360627423319e+00
3.022639432928372560e+00
2.769301052180050959e+00
2.507974885031657220e+00
2.310518859853285090e+00
2.212752278018662810e+00
2.178678030385305942e+00
2.149446754683625560e+00
2.173392436144073958e+00
2.297419488336315041e+00
2.557569952752735798e+00
3.062315469697817427e+00
3.507967842660857816e+00
3.615928377080838807e+00
3.505461571294773648e+00
3.096783826276173102e+00
2.640899754505949826e+00
2.522123574557286751e+00
3.075012513968201411e+00
3.159892651583383838e+00
3.417580055031902209e+00
3.160044200001905779e+00
3.211294125750987050e+00
3.072667471347857227e+00
2.869201357955806664e+00
2.759264760782579984e+00
2.823075019528876961e+00
2.991874811869485562e+00
3.157539759748112296e+00
3.574068672659107104e+00
3.875650094529969003e+00
4.097921901432476588e+00
4.093216250354609009e+00
3.847226581866669548e+00
3.429929876980053471e+00
3.015690989049054860e+00
2.833195704610292243e+00
2.669210081516155686e+00
2.434379849395439610e+00
2.417210509431940491e+00
2.603867926450621262e+00
2.853808630765338528e+00
3.074421037069016815e+00
3.139356953823719820e+00
3.169343572036217971e+00
3.231133650420630499e+00
3.202107753295572845e+00
3.111715023243683209e+00
3.089982709429945906e+00
3.073613462006064445e+00
3.001329604670491147e+00
3.027420508573299252e+00
3.140270685350055935e+00
3.127969644766631863e+00
2.995513192087632781e+00
2.819370613366999567e+00
2.658801330150579734e+00
2.530420206538843697e+00
2.564540990967581813e+00
2.770666371083441604e+00
2.931685976318077369e+00
3.062054279801323275e+00
3.199932585451223055e+00
3.278906631512252368e+00
3.354045918043560448e+00
3.479732500637182646e+00
3.636370385718478371e+00
3.636790647791420472e+00
3.377858932628503563e+00
3.053264705823503622e+00
2.840857271220169178e+00
2.710562450994090877e+00
2.555097803680218327e+00
2.459890079912189886e+00
2.468606624188688148e+00
2.558127417951018057e+00
2.712432427432147186e+00
3.021234111826399005e+00
3.422808537310451982e+00
3.819355212743908101e+00
3.650934290968123275e+00
3.344802674712037849e+00
3.280768977698483635e+00
3.405923435999020032e+00
3.537746165183745184e+00
3.623590430752759328e+00
3.635032701548923217e+00
3.471387074895825542e+00
3.184223411538576354e+00
2.888263911434044484e+00
2.650419984904625270e+00
2.501176604755156241e+00
2.456322862431198573e+00
2.477058046788385592e+00
2.548003706225678844e+00
2.697791769046685051e+00
2.935854285395798069e+00
3.353902157654742755e+00
3.750381071711255121e+00
3.545679685943955217e+00
3.161953256958939917e+00
2.768606185461241154e+00
2.678406490422475805e+00
2.432602403807058167e+00
2.264540497200600466e+00
2.186544576732042611e+00
2.101477670107769313e+00
2.071595170703020905e+00
2.161838140510379258e+00
2.376759172706734979e+00
2.749654464967914436e+00
3.307511523798456476e+00
3.757435487584700695e+00
3.786064101910862956e+00
3.494101900329546595e+00
3.120244245745303235e+00
2.905922595169267098e+00
2.882532513572566124e+00
2.998870456001401674e+00
3.231176267855465412e+00
3.482934908278447761e+00
3.477372198229238709e+00
3.233635685907444213e+00
3.104227210474025611e+00
3.184240032611001858e+00
3.396866018959930678e+00
3.673624336163673565e+00
2.857383203930074611e+00
3.396731230255900957e+00
3.815489022230996952e+00
3.596295424889822900e+00
3.542567020977730241e+00
3.162656718275874468e+00
2.906733843567916864e+00
2.870007005758259844e+00
2.994264812518762309e+00
3.154974253208103541e+00
3.339907982598928182e+00
3.548839435533077236e+00
3.379564619454651808e+00
3.386418093791367045e+00
3.540604675986400274e+00
3.720791757112478670e+00
3.855789861748234237e+00
3.846673502695901359e+00
3.652488158906439075e+00
3.257954079262085134e+00
2.960591272624777393e+00
3.057423149388702299e+00
3.058008864975536145e+00
2.805244666670823950e+00
2.669550916599710000e+00
2.743906502922937474e+00
2.964372600860849527e+00
3.141068369048617193e+00
3.153851064509928026e+00
3.183273530630950976e+00
3.276114978110650000e+00
3.285593352482388152e+00
3.244308982085251536e+00
3.277032513071531206e+00
3.269731996817478059e+00
3.140968239206396895e+00
3.154441045506914509e+00
3.278551350394709907e+00
3.239938364877329224e+00
3.037510523585593702e+00
2.722857820907198523e+00
2.505686483657644015e+00
2.456403629026389535e+00
2.599833659557934773e+00
2.875828753430970774e+00
3.075273968926593771e+00
3.210276247268736061e+00
3.300020701965135750e+00
3.319985012517556733e+00
3.345096438654185711e+00
3.446468113722569893e+00
3.636143079695643543e+00
3.767770551273222246e+00
3.657681218544907686e+00
2.959667576845116166e+00
2.801810648115065305e+00
2.619006377107072403e+00
2.527570797371674782e+00
2.558344113152208887e+00
2.603772100487714791e+00
2.688771746500798976e+00
2.931935712997323584e+00
3.302843323016297017e+00
3.657321194930486463e+00
4.018562014604609267e+00
4.226028604349082229e+00
4.055915959410455685e+00
3.578616982969044624e+00
3.146858383565103168e+00
3.015164570389272214e+00
3.097154884169301958e+00
3.312531539177407502e+00
3.582836334277145429e+00
3.837122027857364781e+00
4.101686177114363119e+00
4.363316768779670340e+00
4.574190100494445410e+00
4.427932388636876659e+00
3.924463764834570156e+00
3.428376467832156216e+00
3.250044994542292454e+00
3.318767275906679526e+00
3.213447371556536147e+00
3.560109990836012095e+00
3.819058687688871245e+00
3.856505854826318469e+00
3.785332302995445097e+00
3.611948819630769858e+00
3.336850053223484380e+00
3.014018004120496474e+00
2.753786351478984429e+00
2.620425263501726665e+00
2.610401073445375975e+00
2.653157069011849334e+00
2.716373079894214726e+00
2.826375691134618062e+00
2.936067133853770716e+00
3.103438491077529449e+00
3.242184313828959663e+00
3.253434940082032156e+00
3.520409359211233546e+00
3.623644637602458918e+00
3.511483673812481499e+00
3.298926294939804826e+00
3.025311257018287847e+00
2.804778740099356238e+00
2.787248396693644548e+00
3.099095692257880064e+00
3.480519222402762569e+00
3.690208333824527731e+00
3.774479852801100765e+00
3.564342469856264906e+00
3.125671907386608606e+00
2.811620835490475923e+00
2.694093345777547999e+00
2.625513135912003193e+00
2.560322105017805328e+00
2.475321941720436847e+00
2.446791312914127214e+00
2.618856495282214425e+00
3.005777146643970887e+00
3.491467287300617617e+00
3.938420750928180780e+00
3.706461834976386260e+00
3.338243271330014306e+00
3.107072380823650892e+00
3.063115397447205623e+00
3.144053297117818779e+00
3.302503293439435161e+00
3.455492852098651202e+00
3.430152314407161729e+00
3.226475983472411269e+00
3.110172970152476513e+00
3.100120375435869047e+00
3.156585187751047794e+00
3.297001175750211122e+00
3.542910920680540254e+00
3.780589837721045399e+00
4.042628674883657958e+00
4.216092209657876566e+00
3.752114972777783386e+00
3.933227199511617478e+00
3.749883185292058219e+00
3.529951220586793781e+00
3.414227568281701153e+00
3.362305388371572334e+00
3.336180121113314190e+00
3.323677257165432497e+00
3.286731907610206616e+00
3.188810281972095595e+00
2.928037409377324263e+00
2.830594523479420754e+00
3.232529313639844304e+00
3.428241559078664125e+00
3.113767610663461305e+00
2.837887374469284296e+00
2.835714672898126842e+00
3.050785179437595751e+00
3.205054336253675640e+00
3.230518298666573695e+00
3.304220674297800642e+00
3.390577205134772676e+00
3.374449359076130417e+00
3.324654563646262329e+00
3.374284899143125571e+00
3.393246635889812346e+00
3.279323345854516791e+00
3.254925596127816512e+00
3.219797443519886393e+00
2.988502576686820955e+00
2.642940638313256763e+00
2.440639875695898908e+00
2.451279578740976461e+00
2.631607168920447659e+00
2.881932487828374079e+00
3.039553451888044933e+00
3.096984456973197464e+00
3.108777259698662920e+00
3.135516430166833679e+00
3.217767346657792960e+00
3.366688043562550359e+00
3.609997636547858324e+00
3.854452209356478143e+00
3.872432017199605614e+00
3.790730303778154120e+00
3.746094391100563303e+00
3.604250329540339859e+00
3.375419537823978633e+00
3.148938860533694761e+00
2.954983029509226533e+00
2.728066817395430110e+00
2.628317244284585907e+00
2.678731926730685942e+00
2.714661785360753310e+00
3.302440116188898767e+00
3.332510018701910770e+00
3.739981041338944934e+00
3.904243788117607306e+00
3.921616463150241039e+00
4.005041320446110831e+00
3.856965008455157218e+00
3.582087181276484067e+00
3.369316279821943816e+00
3.163655429239615291e+00
3.012523446146277539e+00
2.940163292440611809e+00
2.901305865062210110e+00
2.878971421181938162e+00
2.765069132542874453e+00
2.794956727062012813e+00
3.323213614471977717e+00
3.754863665040627296e+00
3.522194412829200871e+00
3.044285901921430781e+00
2.921738482113556135e+00
3.175601623965037312e+00
3.339848614807633176e+00
3.395613831907130731e+00
3.481785996353841117e+00
3.523468113081032804e+00
3.461155334928122329e+00
3.364532769854462924e+00
3.349310151440139993e+00
3.357876811274496109e+00
3.309569282431439774e+00
3.311738980642638275e+00
3.403729209253515631e+00
3.471346296079458327e+00
3.340835585492214488e+00
3.206529109301581748e+00
3.064858675458040693e+00
2.852897814944583388e+00
2.572500178559125938e+00
2.431256229113521350e+00
2.459463079933676077e+00
2.598627872065859101e+00
2.774890599530484447e+00
2.854769081778530282e+00
2.838153485529438136e+00
2.806804706687187512e+00
2.899382720441786354e+00
3.102633932016518603e+00
3.335004839245810260e+00
3.596247954735814822e+00
3.838814225316807160e+00
3.897975598108189832e+00
3.826556559872409835e+00
3.754158683944936126e+00
3.694249743660085183e+00
3.598978925086018688e+00
3.490924864655226667e+00
3.357300646804918909e+00
3.176191120295046133e+00
2.950094456116103991e+00
2.890911743385060628e+00
2.989234506960348536e+00
2.991487825941413270e+00
3.902868764368465193e+00
3.889869474743067990e+00
3.779842430153606436e+00
3.628773319100729644e+00
3.375056013417180978e+00
3.053622111831301833e+00
2.781725212916787093e+00
2.630260289485716108e+00
2.589318571753552067e+00
2.626429768353786276e+00
2.708504920262488458e+00
2.784503749692664787e+00
2.809872504809721505e+00
2.871412443699814965e+00
2.991738373065624845e+00
2.990642828755612381e+00
2.892083514978700975e+00
3.217270802165383525e+00
3.465955624116278777e+00
3.551502972481856091e+00
3.451393879386542629e+00
3.203937504028726568e+00
3.017931547651537372e+00
2.997003544997418167e+00
3.099423724740603348e+00
3.359361360575607414e+00
3.670672692041819563e+00
3.886237173590560534e+00
3.962136871179159137e+00
3.749963993986040744e+00
3.354498594976871750e+00
3.039195915929544523e+00
2.895100935439183676e+00
2.885632031789590712e+00
2.918775878009338687e+00
2.820504714566027360e+00
2.668512763610582095e+00
2.747140389596808951e+00
3.134937399250968149e+00
3.567587175722285231e+00
3.884118267782421086e+00
4.120247964714762290e+00
4.137778352367415202e+00
4.146181768936218148e+00
3.981252043728298329e+00
3.703105927112871676e+00
3.422209372900147706e+00
3.243163460903568662e+00
3.215780882366989335e+00
3.288090403447474941e+00
3.392317473909101988e+00
3.496642067964359502e+00
3.519415343090017245e+00
3.444442277653341655e+00
3.405807219257558582e+00
3.314867211569499261e+00
3.172195639229788533e+00
3.202347613005497973e+00
3.357227824807436090e+00
3.412702847078192825e+00
3.527049925460305158e+00
3.700108876912413969e+00
3.417720604406308205e+00
3.113620712889908493e+00
2.901162486525488582e+00
2.835139128132654562e+00
2.826589032704020177e+00
2.877685591712422664e+00
2.858761226372504183e+00
2.870097074532276249e+00
3.288171490808304398e+00
3.851085339609365388e+00
3.208870777129629648e+00
3.020322856721410876e+00
3.270218978612372762e+00
3.430923891372872792e+00
3.499638923917779643e+00
3.571956754460402728e+00
3.607817202724812322e+00
3.541630428399646036e+00
3.430623428142461240e+00
3.379349204278975893e+00
3.387312815848676717e+00
3.399606594131130866e+00
3.434181462876802815e+00
3.498116270666218774e+00
3.519420087883196047e+00
3.454562055795900921e+00
3.455989918048184339e+00
3.323188760283141363e+00
3.145557722530488043e+00
2.973724011496555075e+00
2.794645865429848719e+00
2.593888410916850518e+00
2.489243752532148246e+00
2.499399861611672158e+00
2.550125653961702099e+00
2.623543814051987333e+00
2.681312558761911102e+00
2.657128449567767170e+00
2.753380660057393570e+00
3.034058326845294751e+00
3.343988231052071658e+00
3.610382181511395228e+00
3.783639422424450505e+00
3.785030721665548992e+00
4.012710915875969953e+00
3.700174235793982636e+00
3.653139814560403043e+00
3.686498836943327362e+00
3.556243467310541639e+00
3.427638463085583620e+00
3.435884091923204320e+00
3.827625025325489538e+00
3.812803152601178525e+00
3.741992547250803991e+00
3.662285142569649210e+00
3.438104720488168287e+00
3.104703755521463826e+00
2.813523095356716741e+00
2.591834151026860766e+00
2.412642149430087368e+00
2.400300259585805396e+00
2.543623883431584964e+00
2.639199752127903587e+00
2.656149986863969747e+00
2.687180766266993093e+00
2.669436334822263390e+00
2.721382634426927627e+00
2.874402494784658479e+00
3.166953328596660011e+00
3.401712642202598946e+00
3.510944118156589688e+00
3.434746389240379560e+00
3.214413992820613242e+00
3.139671775828803302e+00
3.222954186860158554e+00
3.348561966217878272e+00
3.549579588429181420e+00
3.793396042703659266e+00
3.986547830198311715e+00
4.039698677195488585e+00
3.852285190529719294e+00
3.522856288069988295e+00
3.209110307826998021e+00
3.057246699299833281e+00
3.114990084684793104e+00
3.238969613167436368e+00
3.176779523982374620e+00
2.970174054001981645e+00
2.890689722402665307e+00
3.122935681033023325e+00
3.482721235005127980e+00
3.677150575346685546e+00
3.809255698169943916e+00
3.949552995006298861e+00
3.972545063211042393e+00
4.006541660794423976e+00
3.946413735751352014e+00
3.835784659243568928e+00
3.679631391412434560e+00
3.523152390754383134e+00
3.457587560854181064e+00
3.490726560181922178e+00
3.536813674608299429e+00
3.584271113521534158e+00
3.717209022140020025e+00
3.832639383466231564e+00
3.835603534262801428e+00
3.753033607072706168e+00
3.537302035416427959e+00
3.303461058253368332e+00
3.234096763611594039e+00
3.338128228564616773e+00
3.409096038040857479e+00
3.465650501426078556e+00
3.334682296544400071e+00
3.591453322292039729e+00
3.823992216839323000e+00
3.994406399478185765e+00
3.983745459012033585e+00
4.262249833413584099e+00
4.561557992636223524e+00
4.749763718898286413e+00
4.569493070483857444e+00
4.028056112640788555e+00
3.581302503586292207e+00
3.415494500850165593e+00
3.520556785454262982e+00
3.659425024383243574e+00
3.693839758828323827e+00
3.662185029715094409e+00
3.789520109147440863e+00
3.862702969629500327e+00
3.702542565318202250e+00
3.678578142882729107e+00
3.685840753309919560e+00
3.657715562073183602e+00
3.470704187789663830e+00
3.143255477814229870e+00
2.852815761039923625e+00
2.584155163813179001e+00
2.280914958553763583e+00
2.161651953230058876e+00
2.299789684676550205e+00
2.457834796786972920e+00
2.526705633061781864e+00
2.561049942103513555e+00
2.776401028354424039e+00
2.903193948005744929e+00
3.007526768979876142e+00
3.146816603488830300e+00
3.269949889723140934e+00
3.345224422440258749e+00
3.307367503607002046e+00
3.186608197122769326e+00
3.180208612855949468e+00
3.280100135539631978e+00
3.384168201479174076e+00
3.838914550665325720e+00
3.970830931860939828e+00
4.001575044141196358e+00
3.847130407360328963e+00
3.573479644872611161e+00
3.255094022310286661e+00
3.106085945028303374e+00
3.250929149827370246e+00
3.517573716225762759e+00
3.250614503328570937e+00
3.029534276378131441e+00
3.046080970410040667e+00
3.290215362740992244e+00
3.437415579921191622e+00
3.497620060346865678e+00
3.651684803525214740e+00
3.778651030374493125e+00
3.723026845118849071e+00
3.515313789413284429e+00
3.648127844544653886e+00
3.478563679070131087e+00
2.552984201752035442e+00
2.432909232967491953e+00
3.345389540966278830e+00
3.251478157958481496e+00
3.175556574923698250e+00
3.293073405074210758e+00
3.503734988874930512e+00
3.727173811960611260e+00
3.963862194931524918e+00
3.969475609852872733e+00
3.233493064902074998e+00
2.871857049640276216e+00
2.795514234803532005e+00
2.801522467806139005e+00
2.833656121573275843e+00
2.837246982131210515e+00
2.860295937854047121e+00
3.181776611247804532e+00
3.713240519437807308e+00
3.927703320549129185e+00
3.736278544659781709e+00
3.844218647683896872e+00
3.653055249789928904e+00
3.212995059043212365e+00
3.100104272684764961e+00
3.288022363453068753e+00
3.403563024134217407e+00
3.486310754673312307e+00
3.577980992658496451e+00
3.607046043240851763e+00
3.547567052343819416e+00
3.497263699771838485e+00
3.520015014982129653e+00
3.564637056144622118e+00
3.569885565300258357e+00
3.535619113172832950e+00
3.499013529095533315e+00
3.447080943795990393e+00
3.330944559052429810e+00
3.316268740051747876e+00
3.364331397354491937e+00
3.287995814695241048e+00
3.158330965689418512e+00
3.020536442463809479e+00
2.881223254680565393e+00
2.708560602594621614e+00
2.622996142884699289e+00
4.044002018952705058e+00
3.440334611454155755e+00
3.475333895114949723e+00
3.619425870986092697e+00
3.820017750157961078e+00
3.836085770054643351e+00
3.807792893574184934e+00
3.719166131300820854e+00
3.643208247106873188e+00
3.691653280013732275e+00
3.920814793720719393e+00
4.013894928637983917e+00
3.882161973486345286e+00
3.872331424048445214e+00
2.633331472203022106e+00
2.616481875408268376e+00
2.580877746889069790e+00
2.568622565693184256e+00
2.527596711363661708e+00
2.348333840980538323e+00
2.109466660162938823e+00
2.180367784781447771e+00
2.344288405537452658e+00
2.556513659949465556e+00
2.817705940616630489e+00
3.161733628126231821e+00
3.496210878081912998e+00
3.922720600033685390e+00
4.169592543879567792e+00
3.389389881703962715e+00
3.474787163158143066e+00
3.660474595132804154e+00
3.631939680521267366e+00
3.362085025538391392e+00
3.395079017809846444e+00
3.294292516624242939e+00
3.272034652645110508e+00
3.617487606825076529e+00
3.397427954901831360e+00
4.475200121576168755e+00
4.633388706248062761e+00
4.425482002072191889e+00
3.950996522108169540e+00
3.538957601667110264e+00
3.527720297397920035e+00
3.347536286619495982e+00
3.363190308965784414e+00
3.168735582756036617e+00
3.133790731673484764e+00
3.300337040440329606e+00
3.440068050467786964e+00
3.535761703955958790e+00
3.559242819512482559e+00
3.514704964107874030e+00
3.469539700620464018e+00
3.461929918068606504e+00
3.519542687171975270e+00
3.595175536144388229e+00
3.341778355802670131e+00
3.266033272239504903e+00
3.250331671442842740e+00
3.148806039806238299e+00
3.056809056968791349e+00
2.882495488388244098e+00
2.796118928822333594e+00
2.820596277563226728e+00
2.793723304984251588e+00
2.813515929006424443e+00
2.946114796295598470e+00
3.215696666164640671e+00
3.544927084546012797e+00
3.688297827286314501e+00
3.180036227016609818e+00
3.357459462265155459e+00
3.109397435431131562e+00
3.021611254661715318e+00
3.149252721476431649e+00
3.265087150889855572e+00
3.280879147374324845e+00
3.361314785388356263e+00
3.404975181314664479e+00
3.189385041255581310e+00
2.170715545384231948e+00
2.323397164684769756e+00
2.574881419943507943e+00
2.956801668358687518e+00
3.172843944461842813e+00
3.196515911597985315e+00
3.179796627380925056e+00
3.182876929931261145e+00
3.264063772255916707e+00
3.351302408228498120e+00
3.407605615377940822e+00
3.450060829392810557e+00
3.475373367411958014e+00
3.567567518870129017e+00
3.650649904266576762e+00
3.740801065990158492e+00
3.777635767202565997e+00
3.654791928907627607e+00
2.596027885281437353e+00
2.527385238783115717e+00
2.434910167736743514e+00
2.345150584339250610e+00
2.136680357776013839e+00
3.424687495285151151e+00
3.615324996939428104e+00
3.660998792087453602e+00
2.049334009561270875e+00
2.051578382190899497e+00
3.428183599041362051e+00
3.591039805507388660e+00
3.244459975812059582e+00
3.418050124494925956e+00
3.168737245250933476e+00
3.166105113507552637e+00
2.892984801311840659e+00
3.621973480428164471e+00
3.638958193779012085e+00
3.599184209934185308e+00
3.831396620814557341e+00
4.259499367915031698e+00
2.577127951389340588e+00
2.232275196040096610e+00
2.223005501753279489e+00
3.501647612469800386e+00
3.080933016889655374e+00
3.021913656164977535e+00
3.124938687112250868e+00
3.263705589803174156e+00
3.324568352775964186e+00
3.369661790661592882e+00
3.482937786280300152e+00
3.044365336021934709e+00
2.983296234126223467e+00
2.960920671725663311e+00
3.097600117394118335e+00
3.316743228628725504e+00
2.927318649902396430e+00
3.165188789263500446e+00
3.276355371178943265e+00
2.645652197737387024e+00
2.640643537550928954e+00
2.638029077547315637e+00
3.224890426081601369e+00
3.458020126786894188e+00
3.457594583821663292e+00
2.799316008460170924e+00
2.699269201627167547e+00
3.513754506212223738e+00
3.606787736531399613e+00
3.440733760649313577e+00
3.366856335498020769e+00
3.333538645907129006e+00
3.428929188385410054e+00
3.192875300069760058e+00
3.179609803433527393e+00
3.416293653808933239e+00
3.490794471978715396e+00
3.577742407838280236e+00
3.462733893721836598e+00
2.533885878497690758e+00
2.917849480376088156e+00
3.090919002946109551e+00
3.502875179012927997e+00
3.209638949500557725e+00
3.219113809499662970e+00
3.141452681221879928e+00
3.158125360964502804e+00
3.382842420601230415e+00
3.317170578212403242e+00
