2.435811832275000199e+00
2.427482318100000036e+00
2.482569720299999894e+00
2.432375813224999739e+00
2.311951715924999817e+00
2.220824538100000023e+00
2.214757480649999888e+00
2.226590864325000307e+00
2.231049570150000161e+00
2.259852554200000085e+00
2.315792093525000261e+00
2.433470661050000317e+00
2.555729156725000006e+00
2.618210608550000096e+00
2.623977137524999836e+00
2.607746123625000578e+00
2.621732743875000438e+00
2.659531321275000249e+00
2.737396409150000043e+00
2.853630409174999993e+00
2.974481407999999938e+00
3.014050649374999669e+00
2.968899807999999751e+00
2.865405655850000066e+00
2.681788830675000401e+00
2.608953793500000451e+00
2.634811787700000352e+00
2.575459380250000319e+00
2.485338307925000212e+00
2.427022580325000067e+00
2.401997084425000040e+00
2.408845670825000340e+00
2.420587302524999984e+00
2.389448892999999963e+00
2.343794690224999755e+00
2.327871052099999893e+00
2.376273290499999913e+00
2.484473852949999895e+00
2.517265336699999967e+00
2.482103396225000314e+00
2.528491978949999996e+00
2.541147549700000230e+00
3.023875771650000210e+00
3.026716651075000097e+00
2.932566243475000167e+00
2.792735269650000074e+00
2.734527477024999875e+00
2.718347081200000126e+00
2.721281227074999975e+00
2.770640436899999948e+00
2.854114798400000375e+00
2.943370856149999604e+00
3.041999687049999679e+00
3.149383672474999951e+00
3.254064061400000263e+00
3.354129079725000295e+00
3.321705352449999982e+00
3.171690338574999934e+00
3.046950477749999830e+00
2.988332035175000456e+00
2.966214852024999793e+00
2.914151346924999775e+00
2.834986508250000092e+00
2.768604508525000174e+00
2.765253030800000289e+00
2.845498414400000176e+00
2.865494916075000287e+00
2.834193067475000216e+00
2.809731970325000106e+00
2.752938024175000109e+00
2.802277593600000394e+00
2.920674006149999613e+00
3.011301228975000299e+00
3.090712622474999893e+00
3.149949092925000471e+00
3.144345420425000093e+00
3.195190416174999992e+00
3.335186570274999873e+00
3.376039900574999919e+00
3.322243266524999683e+00
3.255863409024999822e+00
3.114407981750000332e+00
2.912675230375000091e+00
2.725732039124999950e+00
2.564526107424999868e+00
2.431977149300000196e+00
2.483081200250000009e+00
2.684255137000000069e+00
2.844332562875000470e+00
2.962103222825000159e+00
3.029555366474999900e+00
3.077014365275000163e+00
3.117629468949999705e+00
3.062498410699999951e+00
2.929452975724999853e+00
2.862308661924999775e+00
2.851841546124999738e+00
2.843286634275000502e+00
2.884413976000000268e+00
2.973420178775000089e+00
2.084786122999999769e+00
2.176686482650000087e+00
2.076814714025000175e+00
1.758609725349999930e+00
1.489734575324999977e+00
1.405316175150000069e+00
1.402838190800000051e+00
1.432314262425000040e+00
1.513250446500000068e+00
1.673929943749999927e+00
1.981579469650000203e+00
2.358903597124999862e+00
2.564749011074999974e+00
2.538253488675000114e+00
2.446370245574999824e+00
2.408296099949999824e+00
2.428813436425000027e+00
2.540947879675000465e+00
2.784510940950000180e+00
3.076800665599999984e+00
3.210560475349999887e+00
3.125274104925000351e+00
2.907417273300000105e+00
2.574017439849999977e+00
2.459370979924999645e+00
2.525918142300000113e+00
2.415386373225000050e+00
2.212811339549999978e+00
2.027427551175000175e+00
1.912886719899999921e+00
1.893481169774999806e+00
1.900057870699999985e+00
1.845511207799999998e+00
1.789280377849999937e+00
1.809587703350000076e+00
1.970574913225000113e+00
2.296855746050000313e+00
2.559798654899999804e+00
2.643822386875000152e+00
2.679123279800000201e+00
2.506307898049999761e+00
2.169374754849999754e+00
3.000233944200000114e+00
2.862547818449999948e+00
2.653013578074999934e+00
2.503210280224999806e+00
2.467169148249999999e+00
2.541732607499999741e+00
2.665582201749999935e+00
2.808017254650000183e+00
2.970435887000000275e+00
3.129631467525000321e+00
3.300927641474999952e+00
3.484682301324999898e+00
3.661501195625000094e+00
3.601928108325000100e+00
3.291904932800000072e+00
3.014440543325000110e+00
2.873814915825000149e+00
2.795497272650000031e+00
2.674767492124999979e+00
2.535221948724999841e+00
2.449340939974999909e+00
2.509521213324999778e+00
2.711627784325000068e+00
2.816121538574999583e+00
2.798882248850000032e+00
2.691550601574999924e+00
2.673927135649999620e+00
2.762843191649999586e+00
2.901466642274999508e+00
3.071536362225000261e+00
3.216942266099999781e+00
3.272115820049999790e+00
3.440800368449999702e+00
3.750911599325000179e+00
3.905441808025000405e+00
3.848203818275000021e+00
3.660249025875000228e+00
3.328451465150000121e+00
2.916084828299999820e+00
2.582861783874999873e+00
2.302012311049999926e+00
2.042032177250000302e+00
2.106005826325000108e+00
2.429121268150000290e+00
2.718659579100000112e+00
2.961378641200000050e+00
3.076917880174999897e+00
3.144976048825000259e+00
3.214829390050000235e+00
3.127517908424999771e+00
2.924983976424999632e+00
2.825639663200000484e+00
2.809440724925000410e+00
2.791931489525000032e+00
2.851432967225000059e+00
2.992573958975000004e+00
3.043759835799999980e+00
2.895260774050000041e+00
3.085890469924999824e+00
2.099393697375000034e+00
1.801940539275000086e+00
1.681410382249999946e+00
1.629372561249999851e+00
1.659923695024999812e+00
1.786980322449999825e+00
2.006950267299999702e+00
2.393236471249999830e+00
2.951581578949999951e+00
3.299753446174999993e+00
3.254822628474999924e+00
3.047612318399999687e+00
2.828211411150000298e+00
2.715983718699999994e+00
2.742679532474999959e+00
2.944228693499999938e+00
3.255615670700000130e+00
3.488993159925000143e+00
3.442394006324999811e+00
3.219532328875000182e+00
3.122664195399999620e+00
3.187474876225000031e+00
3.060420456199999695e+00
2.803915510774999564e+00
2.539322936825000099e+00
2.339398839999999868e+00
2.240410239600000075e+00
2.205910086074999832e+00
2.176313438474999806e+00
2.200558425350000125e+00
2.326135734875000249e+00
2.589537910574999824e+00
3.100592417575000148e+00
3.551815154799999874e+00
3.661125125549999915e+00
3.549277556674999889e+00
3.135491606149999999e+00
2.673909280550000211e+00
2.553648475750000202e+00
3.113448166625000013e+00
3.199389250650000349e+00
3.460297578725000101e+00
3.199542693324999743e+00
3.251433209750000053e+00
3.111073812499999924e+00
2.905064505274999931e+00
2.793753772275000102e+00
2.858361617675000410e+00
3.029271297425000231e+00
3.197006949200000392e+00
3.618742202099999972e+00
3.924093195224999775e+00
4.149143254874999798e+00
4.144378786224999445e+00
3.895314407175000326e+00
3.472801765399999852e+00
3.053385161299999595e+00
2.868608804725000017e+00
2.702573468199999773e+00
2.464808011200000148e+00
2.447424065674999927e+00
2.636414578775000184e+00
2.889479379025000405e+00
3.112849296650000319e+00
3.178596870050000245e+00
3.208958301450000050e+00
3.271520715550000347e+00
3.242132013624999587e+00
3.150609433349999655e+00
3.128605479775000031e+00
3.112031627425000391e+00
3.038844268975000151e+00
3.065261292174999763e+00
3.179522022625000055e+00
3.167067227049999989e+00
3.032955155024999794e+00
2.854610908849999795e+00
2.692034614224999789e+00
2.562048810224999862e+00
2.596596082225000046e+00
2.805297895274999842e+00
2.968330140650000004e+00
3.100327962974999796e+00
3.239929657599999846e+00
3.319890827775000108e+00
3.395969306425000056e+00
3.523226889400000061e+00
3.681822645975000086e+00
3.682248161049999968e+00
3.420079968175000040e+00
3.091428525049999987e+00
2.876366135925000123e+00
2.744442715349999506e+00
2.587034861249999818e+00
2.490637102974999628e+00
2.499462598375000066e+00
2.590102343725000367e+00
2.746336065274999960e+00
3.058997569499999791e+00
3.465591413625000339e+00
3.867094664099999690e+00
3.696568590550000089e+00
3.386610528575000334e+00
3.321776452075000385e+00
3.448495259549999581e+00
3.581965686950000283e+00
3.668882949899999968e+00
3.680468241625000303e+00
3.514777151275000122e+00
3.224024129250000037e+00
2.924365328250000395e+00
2.683548507624999857e+00
2.532439682475000176e+00
2.487025297599999796e+00
2.508019658250000283e+00
2.579852092200000335e+00
2.731512408199999964e+00
2.972550550874999864e+00
3.395823749124999846e+00
3.797258391249999754e+00
3.589998371550000122e+00
3.201475612249999880e+00
2.803211958674999948e+00
2.711884826224999934e+00
2.463008348699999850e+00
2.292845777774999760e+00
2.213874959124999986e+00
2.127744771599999751e+00
2.097488760424999654e+00
2.188859708549999894e+00
2.406467113599999763e+00
2.784023354024999897e+00
3.348853262575000045e+00
3.804400982724999825e+00
3.833387436074999766e+00
3.537775897224999522e+00
3.159245265575000516e+00
2.942244734024999975e+00
2.918562291649999807e+00
3.036354382549999897e+00
3.271563865674999683e+00
3.526469325049999881e+00
3.520837084750000123e+00
3.274054024849999855e+00
3.143028027799999791e+00
3.224040958074999796e+00
3.439324630699999830e+00
3.719542246525000095e+00
2.893098632025000061e+00
3.439188157225000264e+00
3.863180148724999707e+00
3.641246774249999874e+00
3.586846800300000027e+00
3.202187866375000080e+00
2.943066122500000326e+00
2.905880223150000496e+00
3.031691171524999895e+00
3.194409375500000259e+00
3.381654656000000259e+00
3.593197615950000312e+00
3.421806974975000415e+00
3.428746113274999896e+00
3.584859927274999691e+00
3.767299229500000290e+00
3.903984722474999725e+00
3.894754414874999515e+00
3.698141880825000172e+00
3.298676382275000041e+00
2.997596734325000067e+00
3.095638946450000262e+00
3.096231983100000029e+00
2.840308397024999820e+00
2.702918563499999927e+00
2.778203546200000318e+00
3.001425326699999729e+00
3.180329676849999565e+00
3.193272147675000117e+00
3.223062375450000072e+00
3.317064280525000353e+00
3.326661128400000056e+00
3.284860730274999696e+00
3.317993284074999938e+00
3.310601516124999755e+00
3.180228295450000076e+00
3.193869503050000169e+00
3.319531105875000332e+00
3.280435483200000224e+00
3.075477425799999942e+00
2.756891769374999690e+00
2.537005931925000013e+00
2.487107073724999839e+00
2.632329886175000411e+00
2.911774738875000157e+00
3.113712889599999922e+00
3.250402608449999953e+00
3.341268810350000340e+00
3.361482661774999769e+00
3.386907964375000191e+00
3.489546719325000268e+00
3.681592498775000166e+00
3.814865227974999939e+00
3.703399850324999854e+00
2.996661492949999950e+00
2.836831455475000485e+00
2.651742250199999873e+00
2.559163785299999994e+00
2.590321747474999992e+00
2.636317555049999761e+00
2.722379641249999871e+00
2.968582998875000101e+00
3.344126712325000028e+00
3.703035326649999792e+00
4.068791421174999812e+00
4.278851208100000747e+00
4.106612265949999951e+00
3.623347363325000181e+00
3.186192062775000000e+00
3.052852162749999820e+00
3.135867302024999859e+00
3.353936024874999866e+00
3.627619453774999947e+00
3.885083552824999842e+00
4.152954581549999524e+00
4.417855385124999756e+00
4.631364496075000226e+00
4.483278658125000149e+00
3.973517004599999680e+00
3.471228939650000012e+00
3.290668439149999625e+00
3.360249704250000136e+00
3.253613369725000037e+00
3.604609045850000193e+00
3.866794432674999893e+00
3.904709664999999941e+00
3.832646490149999696e+00
3.657095826225000401e+00
3.378558504499999948e+00
3.051691265150000110e+00
2.788206886424999809e+00
2.653178871750000223e+00
2.643029385850000246e+00
2.686319803499999992e+00
2.750325973324999840e+00
2.861703545524999726e+00
2.972766059799999638e+00
3.142229449924999862e+00
3.282709505049999699e+00
3.294100756800000251e+00
3.564412182199999890e+00
3.668937834299999867e+00
3.555374931550000284e+00
3.340160723950000410e+00
3.063125676349999882e+00
2.839836646674999798e+00
2.822087185400000031e+00
3.137832368949999839e+00
3.524023444675000061e+00
3.736333533349999847e+00
3.821658391399999743e+00
3.608894428099999718e+00
3.164740769450000268e+00
2.846764263799999917e+00
2.727767757049999631e+00
2.658330339249999952e+00
2.592324462950000186e+00
2.506261852999999817e+00
2.477374609925000026e+00
2.651590494949999766e+00
3.043347402325000228e+00
3.535108353250000057e+00
3.987648443924999508e+00
3.752790192675000025e+00
3.379969136924999784e+00
3.145908760924999825e+00
3.101402343900000247e+00
3.183351914575000219e+00
3.343782432600000298e+00
3.498684261050000188e+00
3.473026983150000024e+00
3.266804830799999504e+00
3.149048105600000369e+00
3.138869859999999790e+00
3.196040445675000008e+00
3.338211542025000256e+00
3.587194998524999789e+00
3.827844747150000337e+00
4.093158899025000075e+00
4.268790614949999451e+00
3.799013964949999878e+00
3.982389976499999484e+00
3.796754281575000167e+00
3.574073310624999777e+00
3.456903188074999633e+00
3.404332014750000024e+00
3.377880198675000223e+00
3.365221057075000299e+00
3.327813914725000100e+00
3.228668332575000299e+00
2.964635968999999704e+00
2.865975110524999536e+00
3.272933823649999852e+00
3.471092344625000159e+00
3.152687676775000281e+00
2.873359117400000162e+00
2.871159258475000087e+00
3.088918006200000121e+00
3.245115426949999993e+00
3.270897672299999837e+00
3.345521279599999787e+00
3.432957210799999714e+00
3.416627777174999991e+00
3.366210579249999668e+00
3.416461261599999855e+00
3.435660007700000129e+00
3.320312750774999877e+00
3.295610045075000105e+00
3.260042813450000132e+00
3.025856911500000024e+00
2.675975674075000033e+00
2.471146283750000006e+00
2.481918976150000233e+00
2.664500543700000001e+00
2.917954765974999809e+00
3.077545889375000066e+00
3.135694744599999861e+00
3.147634949675000016e+00
3.174708342350000212e+00
3.257987341700000261e+00
3.408769450274999890e+00
3.655120254624999898e+00
3.902630350299999940e+00
3.920834894024999961e+00
3.838111962425000190e+00
3.792918129924999882e+00
3.649301110025000128e+00
3.417610082524999982e+00
3.188298544349999819e+00
2.991918391824999635e+00
2.762165874925000431e+00
2.661169497150000396e+00
2.712214330274999696e+00
2.748593288724999972e+00
3.343718465674999862e+00
3.374164222375000133e+00
3.786728367274999840e+00
3.953044291349999906e+00
3.970634113500000062e+00
4.055101727149999391e+00
3.905174557750000108e+00
3.626860936849999995e+00
3.411430537774999827e+00
3.203199060574999812e+00
3.050178026174999779e+00
2.976913417699999620e+00
2.937570297799999786e+00
2.914956687925000178e+00
2.799630694900000272e+00
2.829891864874999996e+00
3.364751619149999762e+00
3.801797014074999925e+00
3.566219547824999836e+00
3.082337491949999730e+00
2.958258309250000551e+00
3.215294574949999706e+00
3.381594546150000102e+00
3.438056792124999816e+00
3.525306052474999952e+00
3.567509168499999994e+00
3.504417521225000165e+00
3.406587237050000105e+00
3.391174345825000103e+00
3.399848083324999770e+00
3.350936741849999567e+00
3.353133559875000280e+00
3.446273606400000133e+00
3.514735862750000273e+00
3.382593853324999955e+00
3.246608633699999746e+00
3.103167411750000326e+00
2.888557178600000164e+00
2.604654754474999834e+00
2.461645347699999764e+00
2.490204765775000162e+00
2.631109027125000388e+00
2.809574923825000514e+00
2.890451835050000362e+00
2.873628554674999780e+00
2.841887936525000047e+00
2.935623115124999849e+00
3.141414834399999911e+00
3.376690226549999618e+00
3.641198710750000345e+00
3.886796901649999914e+00
3.946697753050000035e+00
3.874386023375000043e+00
3.801083221175000304e+00
3.740425458175000273e+00
3.643963816449999893e+00
3.534559150674999817e+00
3.399264717174999895e+00
3.215891439600000012e+00
2.986968714450000117e+00
2.927046256375000155e+00
3.026597990424999995e+00
3.028879474425000051e+00
3.951652080699999736e+00
3.938490308425000030e+00
3.827087997475000059e+00
3.674130620974999761e+00
3.417242014300000186e+00
3.091790398400000139e+00
2.816494965424999997e+00
2.663136829149999940e+00
2.621683366624999678e+00
2.659258428999999868e+00
2.742359466824999981e+00
2.819308232100000033e+00
2.844994080125000213e+00
2.907303228149999974e+00
3.029133153225000097e+00
3.028023915325000370e+00
2.928232674350000231e+00
3.257484590724999851e+00
3.509277810900000016e+00
3.595894445375000359e+00
3.494534053850000266e+00
3.243984635049999898e+00
3.055653725425000022e+00
3.034464136375000010e+00
3.138164501624999936e+00
3.401351188525000069e+00
3.716553708775000242e+00
3.934812605874999925e+00
4.011661000225000606e+00
3.796836100324999741e+00
3.396427641525000318e+00
3.077183884450000129e+00
2.931287810599999766e+00
2.921700551824999881e+00
2.955258674525000018e+00
2.855759185575000192e+00
2.701867434274999979e+00
2.781477854350000278e+00
3.174122073925000009e+00
3.612179690675000110e+00
3.932667215124999949e+00
4.171748379400000317e+00
4.189497885475000238e+00
4.198006339275000443e+00
4.031015099974999849e+00
3.749392338149999837e+00
3.464984760050000112e+00
3.283700890825000052e+00
3.255976047899999948e+00
3.329189390874999877e+00
3.434719231799999939e+00
3.540347815300000534e+00
3.563405741525000003e+00
3.487495561624999851e+00
3.448377590175000229e+00
3.356300891650000118e+00
3.211846017624999661e+00
3.242374871425000471e+00
3.399190984950000161e+00
3.455359408850000147e+00
3.571135751200000374e+00
3.746357826775000177e+00
3.460439884874999983e+00
3.152538942875000139e+00
2.937425127125000479e+00
2.870576519775000168e+00
2.861919553724999510e+00
2.913654786424999976e+00
2.894493878850000090e+00
2.905971417724999561e+00
3.329271491774999703e+00
3.899221396875000245e+00
3.248979570849999998e+00
3.058074924300000053e+00
3.311094584875000191e+00
3.473808204325000037e+00
3.543382129999999908e+00
3.616603886299999626e+00
3.652912566799999983e+00
3.585898500925000398e+00
3.473503985499999835e+00
3.421588867249999666e+00
3.429652018774999700e+00
3.442099461275000216e+00
3.477106493349999994e+00
3.541840444575000024e+00
3.563410545625000037e+00
3.497741830399999863e+00
3.499187540000000318e+00
3.364726454299999947e+00
3.184875144324999852e+00
3.010893623874999925e+00
2.829577117674999975e+00
2.626310325800000012e+00
2.520357677374999827e+00
2.530640731200000104e+00
2.582000562900000240e+00
2.656336402149999998e+00
2.714827218524999974e+00
2.690340823725000163e+00
2.787796124124999775e+00
3.071982078849999631e+00
3.385785904900000087e+00
3.655509606149999868e+00
3.830932449675000129e+00
3.832341139250000417e+00
4.062867187524999757e+00
3.746424002599999969e+00
3.698801681750000458e+00
3.732577670174999973e+00
3.600694193299999846e+00
3.470481710325000080e+00
3.478830404150000000e+00
3.875467843950000102e+00
3.860460707475000142e+00
3.788765015700000127e+00
3.708061320399999694e+00
3.481078789125000128e+00
3.143510529350000304e+00
2.848690300674999953e+00
2.624230389000000052e+00
2.442798604150000052e+00
2.430302448725000009e+00
2.575417524475000164e+00
2.672188029249999985e+00
2.689350130874999856e+00
2.720768774799999790e+00
2.702802549524999876e+00
2.755398144024999940e+00
2.910330652925000372e+00
3.206538181524999587e+00
3.444231833574999957e+00
3.554828631799999972e+00
3.477678480924999871e+00
3.254592073124999985e+00
3.178915627124999865e+00
3.263239014024999829e+00
3.390416808774999957e+00
3.593947020275000348e+00
3.840811021350000409e+00
4.036377080324999866e+00
4.090192278274999538e+00
3.900436245149999870e+00
3.566889696075000060e+00
3.249222095524999965e+00
3.095460290850000185e+00
3.153925430924999773e+00
3.279454622724999879e+00
3.216487197949999821e+00
3.007299294225000086e+00
2.926821460275000231e+00
3.161970342050000049e+00
3.526252980999999842e+00
3.723112561399999798e+00
3.856868912174999942e+00
3.998919833800000490e+00
4.022199287875000806e+00
4.056620820775000524e+00
3.995741335850000020e+00
3.883729467974999849e+00
3.725624386049999792e+00
3.567189499850000001e+00
3.500805152299999889e+00
3.534358367524999878e+00
3.581021540849999685e+00
3.629072166824999890e+00
3.763671712675000336e+00
3.880544878300000278e+00
3.883546079049999822e+00
3.799944081575000077e+00
3.581516005849999740e+00
3.344752168850000373e+00
3.274520865725000007e+00
3.379852656200000194e+00
3.451707517050000007e+00
3.508968874374999825e+00
3.376363652274999794e+00
3.636344148524999653e+00
3.871789627725000127e+00
4.044333876599999655e+00
4.033539681325000181e+00
4.315525178924999317e+00
4.618574495099999844e+00
4.809132670300000356e+00
4.626608756250000454e+00
4.078404189249999590e+00
3.626066451199999818e+00
3.458185956474999934e+00
3.564561451174999895e+00
3.705165452599999742e+00
3.740010348800000273e+00
3.707959956199999851e+00
3.836886641149999999e+00
3.910984239699999865e+00
3.748821934700000025e+00
3.724557972599999989e+00
3.731911360924999865e+00
3.703434623125000158e+00
3.514085728525000007e+00
3.182544123049999563e+00
2.888474099075000190e+00
2.616455419450000264e+00
2.309424909225000100e+00
2.188671194049999880e+00
2.328535557124999933e+00
2.488556130150000101e+00
2.558287806999999692e+00
2.593061397524999645e+00
2.811104232024999927e+00
2.939481980550000095e+00
3.045118893799999782e+00
3.186149760474999759e+00
3.310822132549999797e+00
3.387037547875000332e+00
3.348707442225000275e+00
3.226438723100000239e+00
3.219959148200000065e+00
3.321099249825000044e+00
3.426468098775000470e+00
3.886898480999999794e+00
4.020463730999999541e+00
4.051592124649999960e+00
3.895217030550000015e+00
3.618145811850000282e+00
3.295780576475000334e+00
3.144909995325000374e+00
3.291563645800000160e+00
3.561541095524999978e+00
3.291245066424999699e+00
3.067401480700000072e+00
3.084154997625000227e+00
3.331340910774999831e+00
3.480381034750000158e+00
3.541338031950000076e+00
3.697328484025000250e+00
3.825881705974999658e+00
3.769562254650000277e+00
3.559252921099999689e+00
3.693727065374999619e+00
3.522043458324999765e+00
2.584894840675000083e+00
2.463319013025000004e+00
3.387204730274999687e+00
3.292119516175000093e+00
3.215248962824999612e+00
3.334234676774999961e+00
3.547529393099999595e+00
3.773761055874999659e+00
4.013407889399999817e+00
4.019091468350000085e+00
3.273909621174999618e+00
2.907753391374999552e+00
2.830456341099999662e+00
2.836539673099999881e+00
2.869074976599999882e+00
2.872710720574999765e+00
2.896047773224999844e+00
3.221546745550000423e+00
3.759653606275000115e+00
3.976797052649999831e+00
3.782979591800000208e+00
3.892268875775000136e+00
3.698716059975000192e+00
3.253155403600000106e+00
3.138853555974999932e+00
3.329120500424999740e+00
3.446105344075000243e+00
3.529887367324999747e+00
3.622703423549999968e+00
3.652131768324999861e+00
3.591909328799999912e+00
3.540977217100000018e+00
3.564012908924999667e+00
3.609192696524999633e+00
3.614506808625000289e+00
3.579812048174999539e+00
3.542748918150000037e+00
3.490167209375000468e+00
3.372579195500000182e+00
3.357719938324999820e+00
3.406383347524999827e+00
3.329093619824999628e+00
3.197808044700000352e+00
3.058291179724999864e+00
2.917236667875000133e+00
2.742415845150000031e+00
2.655781885449999713e+00
4.094549408999998974e+00
3.483336552274999942e+00
3.518773304174999783e+00
3.664666335849999790e+00
3.867765482800000321e+00
3.884034342475000123e+00
3.855387823474999642e+00
3.765653284424999914e+00
3.688745976174999885e+00
3.737796540424999758e+00
3.969822423724999716e+00
4.064065999674999929e+00
3.930686468425000246e+00
3.920733043524999850e+00
2.666246399649999876e+00
2.649186193874999873e+00
2.613137036949999992e+00
2.600728673974999960e+00
2.559190023199999775e+00
2.377686483749999802e+00
2.135833618825000002e+00
2.207620961299999962e+00
2.373590483000000084e+00
2.588468414799999895e+00
2.852925428774999883e+00
3.201253238200000073e+00
3.539911235825000002e+00
3.971752051375000203e+00
4.221709733650000018e+00
3.431755046600000192e+00
3.518219738425000020e+00
3.706228142300000084e+00
3.677336559850000075e+00
3.404108897525000010e+00
3.437515293200000155e+00
3.335469026425000205e+00
3.312932953650000290e+00
3.662703844650000207e+00
3.439893590474999652e+00
4.531137206924999994e+00
4.691303045825000240e+00
4.480797643324999413e+00
4.000381404049999645e+00
3.583192265600000148e+00
3.571814502350000531e+00
3.389378308849999577e+00
3.405227996274999835e+00
3.208342712699999932e+00
3.172961073749999805e+00
3.341589102849999993e+00
3.483066659450000380e+00
3.579956421250000353e+00
3.603731035450000064e+00
3.558636485874999700e+00
3.512906686025000003e+00
3.505201786150000220e+00
3.563534677325000288e+00
3.640112887624999960e+00
3.383548407650000200e+00
3.306856559899999937e+00
3.290958699324999959e+00
3.188164063450000363e+00
3.095017178275000447e+00
2.918524803675000001e+00
2.831068593400000388e+00
2.855851893050000090e+00
2.828643025824999935e+00
2.848683044749999560e+00
2.982939311475000022e+00
3.255890779050000017e+00
3.589236363124999940e+00
3.734399146724999952e+00
3.219784607650000297e+00
3.399425517725000123e+00
3.148262877200000087e+00
3.059379426375000044e+00
3.188616328350000195e+00
3.305898612650000068e+00
3.321887998799999853e+00
3.403329029875000078e+00
3.447535152300000405e+00
3.229250275974999695e+00
2.197848075199999585e+00
2.352438115250000017e+00
2.607065759825000217e+00
2.993759762475000308e+00
3.212502426249999932e+00
3.236470277550000052e+00
3.219542013174999884e+00
3.222660817500000441e+00
3.304862442450000160e+00
3.393191504524999846e+00
3.450198465075000165e+00
3.493184341600000131e+00
3.518813269849999870e+00
3.612159788125000048e+00
3.696280649199999768e+00
3.787558641700000006e+00
3.824853752674999718e+00
3.700474446450000343e+00
2.628476542199999599e+00
2.558975907349999801e+00
2.465344958174999768e+00
2.374463438474999855e+00
2.163387469924999973e+00
3.467493857350000042e+00
3.660514203550000012e+00
3.706758891375000253e+00
2.074949349274999744e+00
2.077221775099999945e+00
3.471033660125000253e+00
3.635925463049999973e+00
3.285013611325000138e+00
3.460773523750000358e+00
3.208344395974999763e+00
3.205679364299999889e+00
2.929145226175000172e+00
3.667245788749999846e+00
3.684442799949999792e+00
3.644171667224999744e+00
3.879286581925000199e+00
4.312740334399999931e+00
2.609340371450000085e+00
2.260177181375000011e+00
2.250791621949999932e+00
3.545415925850000427e+00
3.119442671974999914e+00
3.059685607700000087e+00
3.163998384399999697e+00
3.304499782950000242e+00
3.366123290800000056e+00
3.411780367275000003e+00
3.526472239024999844e+00
3.082417918925000055e+00
3.020585493049999570e+00
2.997930250700000521e+00
3.136318100375000029e+00
3.358200357699999916e+00
2.963908225499999993e+00
3.204751586600000035e+00
3.317307678350000177e+00
2.678721126225000138e+00
2.673649861050000354e+00
2.671002722000000329e+00
3.265199454975000304e+00
3.501243125024999792e+00
3.500812263049999817e+00
2.834305634449999722e+00
2.733008307725000030e+00
3.557674147874999804e+00
3.651870232949999906e+00
3.483740690574999910e+00
3.408939845749999975e+00
3.375205706750000090e+00
3.471788568850000090e+00
3.232784160750000080e+00
3.219352854049999824e+00
3.458995098325000406e+00
3.534427128175000377e+00
3.622461856574999750e+00
3.506015810975000146e+00
2.565557800825000179e+00
2.954320697525000039e+00
3.129553476349999919e+00
3.546658836174999774e+00
3.249757344875000342e+00
3.259350634450000062e+00
3.180718792675000017e+00
3.197599870050000348e+00
3.425125746500000012e+00
3.358633048874999805e+00
